-1 -1
1 1 
2 1 
2 2 
3 1 
3 3 
3 4 
3 5 
3 6 
3 7 
4 1 
4 10 
4 8 
4 9 
5 1 
5 11 
5 12 
5 13 
5 14 
5 15 
5 16 
5 17 
5 18 
5 19 
6 20 
7 21 
7 22 
8 22 
9 22 
9 23 
10 22 
10 24 
10 25 
11 22 
11 26 
11 27 
11 28 
11 29 
12 30 
12 31 
13 32 
14 32 
14 33 
15 34 
16 35 
17 35 
17 36 
18 36 
19 37 
19 38 
20 39 
21 40 
21 41 
21 42 
21 43 
21 44 
22 45 
23 46 
24 47 
25 47 
25 48 
25 49 
25 50 
25 51 
25 52 
25 53 
25 54 
25 55 
25 56 
25 57 
25 58 
25 59 
25 60 
25 61 
25 62 
25 63 
25 64 
25 65 
25 66 
25 67 
25 68 
25 69 
25 70 
26 47 
26 71 
26 72 
26 73 
26 74 
26 75 
26 76 
26 77 
26 78 
26 79 
26 80 
26 81 
26 82 
26 83 
26 84 
26 85 
26 86 
26 87 
27 47 
27 50 
27 88 
27 89 
27 90 
27 91 
27 92 
27 93 
27 94 
28 95 
29 95 
29 96 
29 97 
30 100 
30 101 
30 102 
30 103 
30 104 
30 105 
30 106 
30 107 
30 108 
30 95 
30 98 
30 99 
31 109 
31 110 
31 111 
31 112 
31 113 
31 114 
31 115 
31 116 
31 117 
31 118 
31 119 
31 95 
32 120 
32 121 
32 122 
32 123 
32 124 
32 125 
32 126 
32 127 
32 128 
32 129 
32 130 
32 131 
32 132 
32 133 
32 134 
32 135 
32 136 
32 137 
32 138 
32 139 
32 140 
32 95 
33 141 
34 141 
34 142 
34 143 
34 144 
34 145 
34 146 
34 147 
34 148 
34 149 
34 150 
34 151 
35 152 
36 152 
36 153 
37 152 
37 154 
37 155 
37 156 
38 152 
38 157 
39 152 
39 158 
39 159 
39 160 
39 161 
40 153 
40 162 
40 163 
41 164 
41 95 
42 165 
43 165 
43 166 
44 167 
44 168 
44 169 
44 170 
44 171 
44 172 
44 173 
44 174 
44 175 
44 176 
44 177 
44 178 
44 179 
44 180 
44 181 
44 182 
44 183 
44 184 
45 168 
45 185 
45 186 
45 187 
45 188 
45 189 
45 190 
45 191 
45 192 
45 193 
45 194 
45 195 
46 171 
46 196 
46 197 
46 198 
47 199 
48 200 
49 200 
49 201 
49 202 
49 203 
50 200 
50 204 
50 205 
50 206 
51 200 
51 201 
51 207 
51 208 
52 200 
52 207 
52 209 
52 210 
53 211 
53 212 
53 213 
53 214 
53 35 
53 36 
54 215 
55 216 
55 217 
55 218 
55 219 
55 220 
55 221 
55 222 
55 223 
55 224 
56 217 
57 217 
57 225 
58 217 
58 226 
59 217 
59 227 
59 228 
60 217 
60 229 
60 230 
60 231 
61 217 
61 229 
61 230 
61 231 
61 232 
61 233 
61 234 
61 235 
62 217 
62 236 
63 217 
63 231 
63 236 
63 237 
64 221 
64 238 
64 239 
65 221 
65 238 
65 239 
65 240 
65 241 
66 222 
67 129 
67 136 
67 222 
67 242 
67 243 
67 244 
67 245 
67 246 
67 247 
67 248 
67 249 
67 250 
67 251 
67 252 
67 253 
67 254 
67 255 
67 256 
67 257 
67 258 
67 259 
67 260 
67 261 
67 262 
67 263 
67 264 
67 265 
67 266 
67 267 
67 268 
67 269 
67 270 
67 271 
67 272 
67 273 
67 274 
67 275 
67 276 
67 277 
67 278 
67 279 
67 280 
67 281 
67 282 
67 283 
67 284 
67 285 
67 286 
67 287 
67 288 
67 289 
67 290 
67 291 
67 292 
67 293 
67 294 
67 295 
67 296 
67 297 
67 298 
67 299 
67 300 
67 301 
67 302 
67 303 
67 304 
68 222 
68 305 
69 222 
69 306 
69 307 
69 308 
69 309 
69 310 
69 311 
69 312 
70 313 
71 314 
71 315 
72 316 
73 316 
73 317 
73 318 
73 319 
73 320 
73 321 
73 322 
73 323 
74 316 
74 324 
74 325 
74 326 
74 327 
74 328 
74 329 
74 330 
75 316 
75 331 
75 332 
75 333 
75 334 
75 335 
75 336 
75 337 
75 338 
75 339 
75 340 
75 341 
75 342 
75 343 
75 344 
75 345 
76 346 
76 347 
77 348 
77 349 
78 350 
78 351 
78 352 
78 353 
78 354 
78 355 
78 356 
78 357 
79 351 
79 358 
79 359 
79 360 
80 353 
81 361 
81 362 
82 363 
83 363 
83 364 
83 365 
83 366 
83 367 
84 363 
84 368 
84 369 
84 370 
84 371 
84 372 
84 373 
84 374 
85 363 
85 375 
86 363 
86 370 
86 374 
86 376 
86 377 
86 378 
87 363 
87 379 
88 363 
88 369 
88 370 
88 372 
88 380 
88 381 
89 382 
89 383 
90 382 
90 383 
90 384 
91 383 
92 383 
92 385 
93 383 
93 384 
93 386 
93 387 
94 383 
94 388 
95 383 
95 388 
95 389 
95 390 
96 383 
96 391 
96 392 
97 383 
97 384 
98 393 
99 393 
99 394 
100 393 
100 395 
101 393 
101 396 
102 391 
102 397 
103 391 
104 351 
104 356 
104 360 
104 398 
105 399 
106 384 
106 391 
107 400 
108 400 
108 401 
108 402 
108 403 
108 404 
108 405 
109 383 
109 384 
109 406 
110 407 
111 119 
111 407 
111 408 
111 409 
111 410 
111 411 
111 412 
111 413 
111 414 
111 415 
111 416 
111 417 
112 13 
112 407 
112 418 
112 419 
112 420 
112 421 
112 422 
112 423 
112 424 
112 425 
112 426 
112 427 
112 428 
112 429 
113 407 
113 425 
113 430 
113 431 
113 432 
113 433 
113 434 
113 435 
113 436 
113 437 
114 407 
114 438 
114 439 
114 440 
114 441 
114 442 
114 443 
114 444 
114 445 
115 407 
115 446 
115 447 
115 448 
115 449 
115 450 
115 451 
115 452 
115 453 
115 454 
115 455 
115 456 
115 457 
115 458 
115 459 
115 460 
116 407 
116 416 
116 431 
116 438 
116 461 
116 462 
116 463 
116 464 
116 465 
116 466 
116 467 
117 407 
117 431 
117 468 
117 469 
117 470 
117 471 
117 472 
118 407 
118 473 
118 474 
118 475 
118 476 
118 477 
118 478 
118 479 
119 407 
119 480 
119 481 
119 482 
119 483 
120 100 
120 407 
120 484 
120 485 
120 486 
120 487 
120 488 
120 489 
120 490 
120 491 
120 492 
120 493 
121 125 
121 134 
121 407 
121 494 
121 495 
121 496 
121 497 
121 498 
121 499 
121 500 
121 501 
121 502 
121 503 
121 504 
121 505 
121 506 
121 507 
121 508 
121 509 
121 510 
121 511 
121 512 
122 137 
122 284 
122 407 
122 513 
122 514 
122 515 
122 516 
122 517 
122 518 
122 519 
122 520 
122 521 
122 522 
122 523 
122 524 
122 525 
122 526 
122 527 
122 528 
122 529 
123 407 
123 530 
124 407 
124 531 
124 532 
124 533 
125 407 
125 449 
125 450 
125 454 
125 488 
125 534 
125 535 
125 536 
125 537 
125 538 
125 539 
125 540 
125 541 
125 542 
125 543 
126 407 
126 450 
126 534 
126 535 
126 544 
126 545 
126 546 
126 547 
126 548 
126 549 
126 550 
126 551 
126 552 
126 553 
126 554 
126 555 
126 556 
126 557 
126 558 
126 559 
126 560 
126 561 
126 562 
127 407 
127 449 
127 450 
127 534 
127 535 
127 563 
127 564 
127 565 
127 566 
127 567 
127 568 
127 569 
127 570 
128 407 
128 450 
128 534 
128 535 
128 571 
128 572 
128 573 
128 574 
128 575 
128 576 
128 577 
128 578 
128 579 
128 580 
129 407 
129 450 
129 534 
129 552 
129 571 
129 581 
129 582 
129 583 
129 584 
129 585 
129 586 
129 587 
129 588 
129 589 
130 407 
130 590 
130 591 
131 407 
131 431 
131 503 
131 592 
131 593 
131 594 
131 595 
131 596 
131 597 
132 280 
132 407 
132 598 
132 599 
132 600 
132 601 
132 602 
132 603 
132 604 
133 407 
133 605 
134 325 
134 407 
134 563 
134 571 
134 606 
134 607 
134 608 
134 609 
135 144 
135 267 
135 407 
135 595 
135 610 
135 611 
135 612 
135 613 
135 614 
135 615 
135 616 
135 617 
135 618 
136 407 
136 619 
136 620 
136 621 
137 407 
137 621 
137 622 
138 623 
138 624 
138 625 
138 626 
138 627 
138 628 
138 629 
138 630 
139 631 
140 631 
140 632 
141 393 
141 631 
141 633 
141 634 
141 635 
141 636 
141 637 
142 631 
142 638 
143 631 
143 638 
143 639 
143 640 
144 631 
144 638 
144 640 
144 641 
145 631 
145 642 
145 643 
145 644 
145 645 
145 646 
145 647 
145 648 
146 631 
146 649 
146 650 
146 651 
146 652 
146 653 
147 631 
147 654 
147 655 
147 656 
147 657 
147 658 
147 659 
147 660 
147 661 
147 662 
147 663 
147 664 
147 665 
148 631 
148 666 
148 667 
148 668 
148 669 
148 670 
148 671 
148 672 
148 673 
148 674 
148 675 
148 676 
148 677 
148 678 
148 679 
148 680 
149 631 
149 681 
150 631 
150 682 
150 683 
150 684 
150 685 
150 686 
150 687 
150 688 
151 631 
151 689 
151 690 
152 631 
152 691 
152 692 
152 693 
152 694 
152 695 
152 696 
153 631 
153 697 
154 631 
154 698 
154 699 
154 700 
154 701 
154 702 
154 703 
154 704 
154 705 
154 706 
154 707 
155 631 
155 708 
155 709 
155 710 
155 711 
155 712 
155 713 
155 714 
155 715 
155 716 
156 631 
156 717 
157 631 
157 718 
157 719 
157 720 
157 721 
157 722 
157 723 
157 724 
157 725 
157 726 
157 727 
158 631 
158 728 
158 729 
159 631 
159 730 
159 731 
159 732 
159 733 
159 734 
159 735 
159 736 
159 737 
159 738 
159 739 
159 740 
159 81 
160 631 
160 741 
160 742 
160 743 
160 744 
161 631 
161 745 
161 746 
161 747 
162 631 
162 748 
162 749 
162 750 
162 751 
163 631 
163 752 
163 753 
163 754 
164 631 
164 755 
164 756 
165 631 
165 757 
165 758 
165 759 
165 760 
165 761 
165 762 
165 763 
165 764 
165 765 
165 766 
166 631 
166 767 
167 768 
168 407 
168 603 
168 768 
168 769 
168 770 
168 771 
168 772 
168 773 
168 774 
168 775 
168 776 
169 768 
169 771 
169 773 
169 777 
169 778 
169 779 
169 780 
169 781 
169 782 
169 783 
169 784 
169 785 
170 768 
170 771 
170 786 
171 407 
171 768 
171 773 
171 787 
171 788 
171 789 
172 768 
172 769 
172 774 
172 789 
172 790 
172 791 
172 792 
172 793 
172 794 
173 768 
173 795 
173 796 
173 797 
173 798 
173 799 
173 800 
174 768 
174 776 
174 794 
174 801 
174 802 
174 803 
174 804 
174 805 
174 806 
175 768 
175 794 
175 801 
175 807 
175 808 
175 809 
176 768 
176 773 
176 801 
176 810 
176 811 
176 812 
176 813 
177 768 
177 814 
177 815 
177 816 
177 817 
177 818 
178 768 
178 789 
178 801 
178 819 
178 820 
179 15 
179 253 
179 768 
179 776 
179 794 
179 812 
179 821 
179 822 
179 823 
179 824 
179 825 
179 826 
180 768 
180 794 
180 808 
180 827 
180 828 
180 829 
181 768 
181 830 
182 603 
182 768 
182 791 
182 831 
182 832 
182 833 
182 834 
183 768 
183 835 
184 768 
184 773 
184 790 
184 835 
184 836 
184 837 
185 768 
185 773 
185 830 
185 835 
186 768 
186 773 
186 775 
186 787 
186 835 
186 838 
186 839 
186 840 
186 841 
187 768 
187 777 
187 778 
187 791 
187 792 
187 820 
187 842 
188 768 
188 773 
188 777 
188 843 
188 844 
189 768 
189 777 
189 820 
189 845 
189 846 
189 847 
189 848 
189 849 
190 768 
190 850 
190 851 
190 852 
190 853 
191 768 
191 812 
191 845 
191 850 
192 768 
192 773 
192 834 
192 854 
192 855 
192 856 
193 768 
193 771 
193 831 
193 835 
193 857 
194 63 
194 768 
194 789 
194 792 
194 818 
194 820 
194 838 
194 844 
195 768 
195 769 
195 775 
195 829 
195 832 
195 834 
195 858 
196 768 
196 820 
196 859 
196 860 
196 861 
196 862 
197 768 
197 863 
198 768 
198 774 
198 841 
198 844 
198 864 
199 768 
199 812 
199 865 
199 866 
199 867 
199 868 
199 869 
200 768 
200 788 
200 801 
200 812 
200 870 
200 871 
201 440 
201 768 
201 818 
201 872 
201 873 
201 874 
202 768 
202 875 
203 466 
203 768 
203 803 
203 812 
203 825 
203 876 
203 877 
203 878 
203 879 
204 768 
204 775 
204 821 
204 822 
204 880 
204 881 
204 882 
205 768 
205 812 
205 813 
205 883 
205 884 
205 885 
205 886 
206 768 
206 775 
206 820 
206 887 
207 768 
207 777 
207 888 
207 889 
208 407 
208 563 
208 603 
208 768 
208 771 
208 789 
208 794 
208 834 
208 890 
208 891 
209 768 
209 834 
209 892 
209 893 
209 894 
209 895 
209 896 
210 202 
210 768 
210 820 
210 897 
210 898 
210 899 
210 900 
210 901 
210 902 
211 18 
211 768 
211 812 
211 897 
211 903 
212 18 
212 768 
212 874 
212 904 
212 905 
213 768 
213 859 
213 863 
213 887 
213 90 
213 906 
213 907 
214 768 
214 776 
214 812 
214 908 
214 909 
214 910 
215 101 
215 768 
215 803 
215 834 
215 896 
215 911 
215 912 
215 913 
215 914 
215 915 
215 916 
215 917 
215 918 
215 919 
216 920 
217 921 
218 921 
218 922 
218 923 
219 921 
219 924 
219 925 
219 926 
219 927 
219 928 
219 929 
220 633 
220 921 
221 921 
221 924 
221 928 
221 930 
221 931 
221 932 
221 933 
222 921 
222 934 
222 935 
222 936 
223 921 
223 922 
223 937 
223 938 
223 939 
223 940 
224 921 
224 924 
224 941 
225 921 
225 942 
226 921 
226 943 
226 944 
227 921 
227 945 
227 946 
228 921 
228 942 
228 947 
228 948 
228 949 
229 921 
229 950 
230 921 
230 923 
230 951 
230 952 
230 953 
230 954 
230 955 
230 956 
231 921 
231 924 
231 930 
231 950 
231 957 
231 958 
232 959 
233 959 
233 960 
234 306 
234 472 
234 959 
234 961 
234 962 
235 959 
235 963 
236 959 
236 964 
236 965 
236 966 
236 967 
237 959 
237 964 
237 966 
238 959 
238 960 
238 964 
238 966 
238 968 
238 969 
239 959 
239 964 
239 966 
239 967 
239 968 
239 970 
240 959 
240 964 
240 967 
240 968 
240 969 
240 970 
240 971 
240 972 
240 973 
240 974 
240 975 
241 959 
241 964 
241 966 
241 970 
241 973 
241 976 
241 977 
242 859 
242 875 
242 90 
242 94 
242 959 
242 978 
242 979 
242 980 
242 981 
242 982 
242 983 
242 984 
242 985 
242 986 
243 138 
243 306 
243 472 
243 49 
243 959 
243 973 
244 49 
244 959 
244 967 
244 987 
245 306 
245 49 
245 959 
245 967 
245 988 
246 959 
246 964 
246 965 
246 970 
246 973 
246 977 
246 989 
246 990 
247 49 
247 782 
247 959 
247 962 
247 988 
248 88 
248 90 
248 959 
248 980 
248 991 
248 992 
248 993 
248 994 
248 995 
249 959 
249 962 
249 969 
249 996 
249 997 
250 138 
250 50 
250 959 
250 961 
250 994 
251 960 
252 959 
252 960 
252 963 
252 973 
252 977 
252 998 
253 392 
254 392 
254 999 
255 1000 
256 1001 
256 1002 
256 383 
256 384 
256 391 
257 1003 
258 1003 
258 959 
258 960 
259 1003 
259 1004 
259 1005 
259 1006 
259 959 
259 964 
259 965 
259 966 
259 973 
259 977 
260 1003 
260 1007 
260 1008 
260 1009 
260 1010 
260 1011 
260 1012 
260 1013 
260 1014 
260 59 
260 806 
260 988 
261 1003 
261 1015 
261 963 
262 1003 
262 1016 
262 1017 
262 963 
262 964 
262 965 
262 976 
263 1003 
263 1015 
263 1018 
263 960 
263 963 
263 973 
263 977 
264 1003 
264 1004 
264 49 
264 963 
264 974 
265 1003 
265 1004 
265 1019 
265 1020 
265 1021 
265 49 
265 782 
265 93 
265 959 
265 963 
265 971 
266 1003 
266 1015 
267 1003 
267 1015 
267 960 
267 977 
268 1003 
268 1015 
268 49 
268 964 
268 965 
268 976 
268 977 
269 1003 
269 1015 
269 973 
270 1003 
270 977 
271 1003 
271 960 
271 964 
271 965 
271 971 
272 1003 
272 1004 
272 964 
272 965 
272 973 
273 1003 
273 1022 
273 964 
273 965 
273 967 
273 973 
273 975 
274 1003 
274 1004 
274 1023 
274 964 
274 966 
274 971 
274 973 
275 1003 
275 1016 
275 1024 
275 93 
275 966 
275 973 
275 975 
275 988 
276 1003 
276 1016 
276 1020 
276 964 
276 967 
276 971 
276 975 
276 988 
277 1003 
277 1004 
277 1016 
277 1025 
277 49 
277 964 
277 965 
277 973 
277 976 
277 977 
278 1003 
278 1016 
278 1026 
278 967 
278 972 
278 987 
279 1003 
279 964 
279 965 
279 976 
280 1003 
280 1016 
280 1027 
280 1028 
280 1029 
280 205 
280 965 
280 966 
280 973 
280 975 
281 1003 
281 1021 
281 1026 
281 1027 
281 1028 
281 1030 
281 205 
281 93 
281 960 
281 964 
281 967 
281 969 
281 971 
281 973 
282 1003 
282 1020 
282 1021 
282 1023 
282 1027 
282 1031 
282 1032 
282 1033 
282 205 
282 49 
282 782 
282 93 
282 962 
282 966 
282 975 
282 977 
282 988 
283 1003 
283 1021 
283 1024 
283 1027 
283 1030 
283 1034 
283 205 
283 93 
283 963 
283 968 
283 971 
283 973 
283 988 
284 1003 
284 1020 
284 1035 
284 205 
284 782 
284 963 
284 964 
284 965 
284 966 
284 970 
284 973 
284 977 
285 1003 
285 1035 
285 205 
285 970 
285 973 
286 1003 
286 1020 
286 1030 
286 1036 
286 1037 
286 205 
286 968 
286 970 
286 971 
287 1003 
287 1004 
287 1022 
287 1038 
287 205 
287 966 
287 967 
287 968 
287 972 
288 1003 
288 1016 
288 1020 
288 1027 
288 1039 
288 1040 
288 306 
288 966 
288 969 
288 971 
288 975 
288 988 
289 1003 
289 1016 
289 1027 
289 1037 
289 1039 
289 960 
289 969 
289 970 
289 973 
289 977 
290 1003 
290 1005 
290 1016 
290 1020 
290 1021 
290 1026 
290 1027 
290 1028 
290 1032 
290 1036 
290 49 
290 973 
290 975 
291 1003 
291 1005 
291 1016 
291 1020 
291 1021 
291 1026 
291 1027 
291 1028 
291 1032 
291 1034 
291 1036 
291 49 
291 973 
291 975 
292 1003 
292 1005 
292 1017 
292 1027 
292 1035 
292 970 
292 971 
292 973 
292 975 
292 976 
292 977 
293 1003 
293 1008 
293 1018 
293 1027 
293 1029 
293 1033 
293 1035 
293 789 
293 966 
293 973 
293 976 
293 977 
293 989 
294 1003 
294 1008 
294 1027 
294 1035 
294 1041 
294 1042 
294 1043 
294 228 
294 960 
294 964 
294 965 
294 966 
294 967 
294 970 
294 971 
294 973 
294 977 
294 989 
295 1003 
295 1019 
295 1026 
295 1027 
295 1031 
295 964 
295 972 
295 975 
295 988 
296 1003 
296 1028 
296 964 
296 966 
296 969 
296 970 
296 973 
297 1003 
297 1016 
297 1020 
297 1025 
297 1028 
297 93 
297 970 
297 973 
298 1003 
298 1028 
298 965 
298 977 
299 1003 
299 1004 
299 1028 
299 1035 
299 964 
299 965 
299 970 
299 976 
300 1003 
300 1016 
300 1021 
300 1028 
300 1036 
300 959 
300 973 
301 1003 
301 1016 
301 1028 
301 1036 
301 967 
301 969 
301 971 
302 1003 
302 1016 
302 1028 
302 1036 
302 1038 
302 1039 
302 965 
302 967 
303 1003 
303 1016 
303 1021 
303 1028 
303 1036 
303 1037 
303 782 
303 966 
303 968 
303 971 
303 972 
304 1003 
304 1018 
304 1028 
304 1044 
304 49 
304 964 
304 966 
305 1003 
305 1004 
305 1020 
305 1028 
305 1037 
305 1040 
305 964 
305 965 
305 967 
305 968 
305 970 
305 971 
305 975 
305 988 
306 1003 
306 1004 
306 1021 
306 1025 
306 1028 
306 1030 
306 1037 
306 1038 
306 472 
306 962 
306 963 
306 964 
306 968 
306 969 
306 970 
306 971 
306 973 
307 1003 
307 1028 
307 1030 
307 1037 
307 49 
307 964 
307 965 
307 966 
307 967 
307 968 
307 969 
307 970 
307 972 
307 973 
308 1003 
308 1028 
308 1030 
308 1038 
308 967 
308 969 
308 970 
308 973 
309 1003 
309 1028 
309 1034 
309 1038 
309 964 
309 966 
309 969 
309 971 
309 973 
310 1003 
310 1016 
310 1019 
310 1020 
310 1023 
310 1028 
310 1040 
310 1041 
310 1045 
310 306 
310 93 
310 960 
310 966 
310 969 
310 971 
310 973 
310 988 
311 1003 
311 1028 
311 1036 
311 1037 
311 1038 
311 1039 
311 1041 
311 49 
311 960 
311 962 
311 966 
311 970 
311 971 
311 977 
312 1003 
312 1029 
312 964 
312 976 
312 977 
313 1003 
313 1004 
313 1029 
313 965 
313 966 
313 973 
313 977 
314 1003 
314 1018 
315 1003 
315 1015 
315 1018 
315 964 
315 973 
315 977 
315 990 
316 1003 
316 1018 
316 93 
316 964 
316 965 
316 973 
316 977 
317 1003 
317 1018 
317 1046 
317 976 
317 977 
318 1003 
318 1004 
318 1018 
318 1029 
318 966 
319 1003 
319 1035 
319 93 
319 959 
319 964 
319 965 
319 971 
319 973 
319 974 
320 1003 
320 1035 
320 964 
320 965 
320 966 
320 970 
320 973 
320 977 
321 1003 
321 1004 
321 1035 
321 964 
321 965 
321 973 
322 1003 
322 1035 
322 960 
322 964 
322 966 
322 969 
322 973 
323 1003 
323 1017 
323 1022 
323 1035 
323 964 
323 970 
323 973 
324 1003 
324 1035 
324 965 
324 966 
324 967 
324 973 
324 988 
325 1003 
325 1024 
325 1035 
325 1047 
325 965 
325 966 
325 970 
325 973 
326 1003 
326 1015 
326 1018 
326 1035 
326 960 
326 965 
326 977 
327 1003 
327 1035 
327 228 
327 959 
327 964 
327 965 
327 973 
328 1003 
328 1035 
328 228 
328 959 
328 965 
328 973 
329 1003 
329 1004 
329 1035 
329 228 
329 960 
329 965 
329 967 
329 973 
330 1003 
330 1022 
330 1036 
330 1048 
330 964 
330 965 
330 966 
330 970 
330 973 
331 1003 
331 1036 
331 1037 
331 966 
331 968 
331 969 
331 970 
331 973 
332 1003 
332 1005 
332 1006 
332 1008 
332 1018 
332 963 
332 965 
332 973 
333 1003 
333 1004 
333 1008 
333 964 
333 965 
333 973 
333 977 
334 1003 
334 1008 
334 1014 
334 1022 
334 1037 
334 964 
335 1003 
335 1008 
335 1016 
335 1038 
335 1048 
335 964 
335 966 
335 971 
335 973 
336 1003 
336 1008 
336 1043 
336 960 
336 964 
336 973 
336 976 
336 977 
337 1003 
337 1008 
337 965 
338 1003 
338 1008 
338 1048 
338 965 
338 966 
338 977 
339 1003 
339 1008 
339 1028 
339 964 
339 965 
339 970 
339 971 
339 973 
339 974 
339 977 
340 1003 
340 1008 
340 1015 
340 1018 
340 1022 
340 1028 
340 1029 
340 1035 
340 1037 
340 472 
340 959 
340 964 
340 965 
340 966 
340 973 
340 975 
340 977 
341 1003 
341 1004 
341 1006 
341 1008 
341 1035 
341 964 
341 973 
342 1003 
342 1004 
342 1008 
342 1035 
342 965 
342 966 
342 967 
342 970 
342 988 
343 1003 
343 1008 
343 1023 
343 1036 
343 1037 
343 960 
343 964 
343 966 
343 968 
343 969 
343 970 
343 971 
343 973 
344 1003 
344 1004 
344 1008 
344 1016 
344 1036 
344 965 
344 966 
344 970 
344 975 
345 1003 
345 1008 
345 1009 
345 1012 
345 1014 
345 1023 
345 1029 
345 1030 
345 1049 
345 1050 
345 59 
345 772 
345 806 
345 910 
345 93 
345 988 
346 1003 
346 1019 
346 1020 
346 1026 
346 1031 
346 306 
346 988 
347 1003 
347 1004 
347 49 
347 93 
347 962 
348 1003 
348 1051 
348 1052 
348 1053 
348 1054 
348 1055 
348 1056 
349 1003 
349 1020 
349 1037 
349 93 
349 966 
349 967 
349 969 
349 970 
349 972 
349 973 
350 1003 
350 1031 
350 1033 
350 1036 
350 1057 
350 1058 
350 472 
350 49 
350 959 
350 962 
350 963 
351 1003 
351 973 
351 977 
351 989 
352 1003 
352 964 
352 965 
352 966 
352 973 
352 976 
352 977 
352 989 
353 1003 
353 1004 
353 1030 
353 1036 
353 1039 
353 93 
353 960 
353 969 
353 971 
353 987 
353 988 
354 1003 
354 1030 
354 1059 
354 49 
354 964 
354 965 
354 977 
354 989 
355 1003 
355 1004 
355 1020 
355 1030 
355 1060 
355 306 
355 959 
355 962 
355 988 
356 1003 
356 1037 
356 966 
356 967 
356 970 
356 971 
356 977 
357 1003 
357 1038 
357 1040 
357 782 
357 93 
357 964 
357 965 
357 966 
357 973 
358 1003 
358 204 
358 963 
358 966 
358 970 
358 973 
358 977 
359 1003 
359 1016 
359 1026 
359 204 
359 967 
359 972 
359 987 
360 1003 
360 204 
360 205 
360 49 
360 962 
360 973 
361 1003 
361 1028 
361 1038 
361 1061 
361 204 
361 965 
361 967 
361 970 
361 973 
361 977 
362 1003 
362 1030 
362 1060 
362 204 
362 93 
362 963 
362 967 
362 970 
362 972 
362 987 
363 1003 
363 1034 
363 1037 
363 782 
363 964 
363 966 
364 1003 
364 1020 
364 1041 
364 964 
364 966 
364 969 
365 1003 
365 1019 
365 1041 
365 966 
365 970 
365 996 
366 1003 
366 1034 
366 1037 
366 1060 
366 1062 
366 93 
366 964 
366 967 
366 968 
366 969 
366 988 
367 1003 
367 1020 
367 1021 
367 1032 
367 1063 
368 1003 
368 1011 
368 988 
369 1064 
369 370 
370 1065 
370 1066 
370 1067 
371 1065 
371 1067 
372 1065 
372 1068 
372 1069 
372 1070 
372 1071 
372 1072 
372 1073 
373 1074 
373 1075 
373 393 
374 1076 
375 1076 
375 1077 
375 1078 
375 1079 
375 1080 
375 916 
376 1076 
376 1081 
376 1082 
376 1083 
376 1084 
376 1085 
376 1086 
376 1087 
376 1088 
376 1089 
376 1090 
376 1091 
376 1092 
376 1093 
376 1094 
376 1095 
376 1096 
376 1097 
376 1098 
376 1099 
376 1100 
376 1101 
376 1102 
376 1103 
376 1104 
376 407 
376 418 
376 538 
376 598 
376 880 
377 1076 
377 1081 
377 1105 
377 1106 
377 1107 
377 1108 
377 1109 
377 1110 
377 1111 
377 1112 
377 1113 
377 1114 
377 1115 
377 1116 
377 1117 
377 891 
377 915 
377 988 
378 1076 
378 1118 
378 1119 
378 1120 
378 1121 
378 1122 
378 1123 
378 417 
379 1076 
379 1124 
379 1125 
379 1126 
379 1127 
379 854 
380 1076 
380 1128 
380 1129 
380 1130 
380 1131 
380 1132 
380 1133 
380 1134 
380 1135 
380 1136 
380 613 
381 1076 
381 1137 
381 1138 
381 1139 
381 893 
382 1076 
382 893 
383 1076 
383 1140 
383 1141 
383 1142 
383 1143 
383 1144 
383 1145 
383 1146 
383 1147 
384 1076 
384 1148 
384 1149 
384 1150 
384 1151 
384 1152 
384 1153 
384 1154 
385 1076 
385 1155 
385 1156 
385 1157 
385 1158 
385 1159 
385 1160 
385 1161 
386 1076 
386 1162 
386 1163 
386 1164 
386 1165 
386 1166 
386 1167 
387 1076 
387 1168 
387 1169 
387 1170 
387 1171 
387 1172 
387 1173 
387 1174 
388 1076 
388 1164 
388 1175 
388 1176 
388 1177 
388 1178 
388 1179 
388 1180 
388 1181 
388 1182 
388 994 
389 1076 
389 1183 
389 1184 
389 1185 
389 1186 
389 1187 
389 1188 
389 1189 
389 1190 
389 1191 
389 442 
389 484 
389 796 
390 1076 
390 1178 
390 1181 
390 1192 
390 440 
391 1076 
391 1181 
391 1193 
391 56 
391 89 
392 1076 
392 1181 
392 1194 
393 1076 
393 1178 
393 1181 
393 1195 
393 1196 
394 1076 
394 1197 
394 1198 
394 1199 
394 1200 
394 1201 
394 1202 
395 1076 
395 1203 
395 1204 
395 1205 
395 1206 
395 1207 
395 69 
395 778 
395 801 
395 913 
396 1076 
396 1164 
396 1165 
396 1208 
396 1209 
396 1210 
396 1211 
396 1212 
396 1213 
396 801 
396 854 
397 1076 
397 1175 
397 1176 
397 1181 
397 1214 
397 1215 
398 1076 
398 1176 
398 1178 
398 1181 
398 1216 
398 1217 
398 1218 
398 1219 
398 1220 
398 1221 
399 1076 
399 1079 
399 1222 
399 1223 
399 1224 
399 1225 
399 1226 
399 1227 
399 1228 
399 1229 
399 1230 
400 1076 
400 821 
401 1076 
401 1181 
401 1196 
401 1231 
401 440 
401 56 
402 1076 
402 1185 
402 1232 
402 1233 
402 1234 
402 1235 
402 1236 
402 778 
403 1076 
403 1176 
403 1196 
403 1237 
403 1238 
403 1239 
403 1240 
403 440 
403 970 
404 1076 
404 1241 
405 1076 
405 1146 
405 1242 
405 1243 
405 1244 
405 1245 
405 773 
406 1076 
406 1246 
406 1247 
406 1248 
406 434 
406 590 
406 598 
406 803 
406 891 
407 1076 
407 1211 
407 1249 
407 1250 
407 1251 
407 1252 
407 620 
407 801 
407 856 
408 1076 
408 1162 
408 854 
409 1076 
409 1253 
409 893 
410 1076 
410 1176 
410 1254 
410 1255 
410 1256 
410 856 
411 1076 
411 1164 
411 1176 
411 1177 
411 1192 
411 1257 
411 1258 
411 440 
411 970 
412 1076 
412 1259 
413 1076 
413 1192 
413 1246 
413 1259 
413 1260 
413 1261 
413 202 
414 1076 
414 1262 
414 1263 
414 1264 
415 1076 
415 1246 
415 1260 
415 1265 
415 1266 
415 1267 
415 202 
415 210 
415 461 
415 598 
416 1076 
416 1205 
416 1268 
416 1269 
416 1270 
416 1271 
416 1272 
416 1273 
416 1274 
416 1275 
417 1076 
417 1249 
417 1276 
417 1277 
417 1278 
417 461 
417 620 
417 801 
418 1040 
418 1076 
418 1279 
418 434 
418 893 
419 1076 
419 1280 
419 1281 
419 1282 
419 1283 
419 137 
419 913 
419 961 
420 1076 
420 1085 
420 117 
420 1180 
420 1253 
420 1284 
420 1285 
420 1286 
420 411 
420 56 
420 790 
420 811 
421 1076 
421 1077 
421 1287 
421 1288 
421 1289 
421 1290 
421 1291 
421 1292 
421 1293 
421 1294 
421 1295 
421 1296 
421 1297 
421 1298 
422 1076 
422 1299 
422 1300 
423 1076 
423 440 
424 1076 
424 1141 
424 1301 
424 904 
425 1076 
425 1291 
425 1302 
425 1303 
425 1304 
425 1305 
425 1306 
425 1307 
425 408 
425 575 
426 1076 
426 1077 
426 1141 
426 1308 
426 1309 
426 1310 
426 1311 
426 1312 
426 805 
427 1076 
427 1313 
427 1314 
427 1315 
427 1316 
427 1317 
428 1137 
428 1226 
428 1318 
428 1319 
428 1320 
428 1321 
428 1322 
428 243 
429 11 
429 1137 
429 1323 
429 1324 
429 1325 
429 1326 
429 1327 
429 1328 
429 1329 
429 1330 
429 1331 
429 1332 
429 1333 
430 1138 
430 1334 
430 1335 
430 1336 
430 1337 
430 1338 
430 1339 
430 1340 
430 1341 
430 1342 
430 1343 
430 1344 
430 1345 
430 200 
430 208 
430 94 
431 1138 
431 1334 
431 1346 
431 208 
431 827 
432 893 
433 1100 
433 1347 
433 1348 
433 1349 
433 1350 
433 1351 
433 1352 
433 1353 
433 1354 
433 1355 
433 893 
434 1356 
434 1357 
434 1358 
434 1359 
434 1360 
434 613 
434 893 
435 1361 
435 893 
436 11 
436 1222 
436 1359 
436 1362 
436 1363 
436 1364 
436 893 
437 1040 
437 893 
438 1365 
438 1366 
438 1367 
438 1368 
438 416 
438 827 
438 893 
439 1121 
439 1195 
439 1369 
439 1370 
439 226 
439 893 
440 1095 
440 1371 
440 1372 
440 1373 
440 1374 
440 1375 
440 854 
440 893 
441 1376 
441 1377 
441 1378 
441 1379 
441 1380 
441 1381 
441 893 
442 1085 
442 115 
442 1382 
442 1383 
442 1384 
442 1385 
442 1386 
442 1387 
442 206 
442 411 
442 893 
443 1388 
443 1389 
443 1390 
443 1391 
443 1392 
443 1393 
443 1394 
443 1395 
443 478 
443 893 
444 1388 
444 1396 
444 1397 
444 1398 
444 815 
444 893 
445 1399 
446 1399 
446 1400 
446 1401 
446 1402 
447 1399 
447 1403 
448 1404 
448 1405 
448 1406 
448 1407 
448 1408 
448 1409 
449 1410 
449 391 
450 1411 
450 1412 
450 1413 
450 1414 
450 1415 
451 1416 
451 1417 
451 1418 
451 1419 
451 370 
452 1416 
452 1420 
452 1421 
452 363 
452 369 
452 372 
452 381 
453 1416 
453 1422 
453 1423 
453 1424 
453 1425 
453 1426 
453 1427 
453 1428 
453 1429 
453 1430 
453 1431 
453 1432 
453 1433 
453 1434 
454 1435 
455 1435 
455 1436 
455 1437 
455 911 
456 1435 
456 1438 
457 1435 
457 1436 
458 1366 
458 1435 
458 1436 
459 1435 
459 1436 
459 1437 
459 1439 
460 1435 
460 1436 
460 1440 
461 1366 
461 1435 
462 1435 
462 1441 
463 1435 
463 1442 
464 1435 
464 1436 
464 1437 
464 1442 
465 1022 
465 1435 
465 1436 
465 1442 
465 1443 
466 1435 
466 1437 
466 1442 
467 1435 
467 1442 
467 1444 
468 1435 
468 1442 
468 1444 
468 1445 
468 1446 
468 1447 
469 1435 
469 1442 
469 1448 
470 1435 
470 1442 
470 1449 
471 1435 
471 790 
472 1435 
472 1436 
472 1450 
472 1451 
472 1452 
472 1453 
472 400 
473 1435 
473 1454 
474 1435 
474 1440 
475 1271 
475 1435 
475 1436 
475 1440 
475 1443 
475 1448 
475 1455 
475 1456 
476 1017 
476 1435 
476 1457 
476 913 
477 1435 
477 1436 
477 1450 
477 1452 
477 1458 
477 1459 
477 1460 
477 1461 
477 1462 
477 1463 
477 1464 
477 1465 
477 1466 
477 400 
478 963 
479 959 
479 963 
480 1015 
480 963 
481 1015 
481 959 
481 963 
482 1015 
482 960 
482 963 
482 977 
483 1015 
483 960 
483 963 
483 973 
484 1015 
484 963 
484 973 
485 963 
485 964 
485 965 
485 970 
486 963 
486 965 
486 973 
486 977 
487 1015 
487 1018 
487 960 
487 963 
487 973 
488 1044 
488 960 
488 963 
489 963 
489 998 
490 1015 
490 1018 
490 960 
490 963 
490 973 
490 998 
491 1020 
491 49 
491 963 
491 967 
491 971 
491 988 
491 989 
492 1020 
492 1025 
492 1047 
492 1467 
492 1468 
492 93 
492 963 
493 782 
493 960 
493 963 
493 973 
494 1047 
494 1467 
494 963 
494 973 
495 1019 
495 49 
495 782 
495 93 
495 962 
495 963 
496 1019 
496 1020 
496 1060 
496 49 
496 962 
496 963 
496 971 
496 988 
497 1011 
497 963 
498 1011 
498 1469 
498 797 
498 963 
499 1015 
500 1015 
500 959 
501 1015 
501 959 
501 960 
502 1015 
502 960 
503 1015 
503 960 
503 977 
504 1003 
504 1015 
504 963 
505 1015 
505 965 
505 977 
506 1015 
506 1470 
507 1015 
507 960 
507 977 
508 1003 
508 1016 
508 1471 
508 964 
508 976 
509 1472 
509 964 
510 964 
510 965 
511 964 
511 965 
511 966 
511 977 
512 1004 
512 964 
512 965 
512 966 
512 973 
512 977 
513 964 
513 965 
513 966 
513 970 
513 973 
513 977 
514 964 
514 965 
514 966 
514 970 
514 973 
515 960 
515 964 
515 965 
515 966 
515 970 
515 971 
515 973 
516 964 
516 965 
516 970 
517 1022 
517 964 
517 965 
518 1473 
518 964 
518 965 
518 966 
518 968 
518 970 
518 973 
518 975 
519 964 
519 966 
519 973 
520 964 
520 966 
520 973 
520 988 
521 964 
521 966 
521 967 
521 968 
521 969 
521 988 
522 1026 
522 1039 
522 964 
522 966 
522 967 
522 973 
523 1023 
523 960 
523 964 
523 967 
523 971 
523 973 
524 1022 
524 1042 
524 964 
524 970 
524 973 
524 975 
524 977 
525 1037 
525 1474 
525 964 
525 965 
525 970 
525 973 
526 1037 
526 964 
526 966 
526 967 
526 970 
527 1023 
527 1037 
527 964 
527 966 
527 969 
527 970 
527 973 
528 1037 
528 93 
528 964 
528 970 
528 972 
529 1024 
529 782 
529 960 
529 964 
529 973 
530 1016 
530 93 
530 964 
530 966 
530 969 
530 971 
530 975 
531 1016 
531 1475 
531 1476 
531 1477 
531 785 
531 819 
532 1016 
532 966 
532 969 
532 973 
533 1016 
533 966 
533 969 
534 1016 
534 967 
534 969 
534 970 
535 1016 
535 1020 
535 964 
535 971 
535 972 
536 1016 
536 1020 
536 1039 
536 1478 
537 1004 
537 1016 
537 1037 
537 1038 
537 1479 
537 782 
537 964 
537 967 
537 970 
537 971 
537 973 
538 964 
538 965 
538 973 
538 976 
538 977 
539 49 
539 965 
539 975 
539 976 
540 1474 
540 1480 
540 1481 
540 976 
541 965 
542 1482 
542 965 
543 1483 
543 965 
544 1484 
544 1485 
544 1486 
544 1487 
544 1488 
544 1489 
544 400 
544 965 
545 1003 
545 1008 
545 1035 
545 964 
545 965 
545 966 
545 970 
545 973 
546 1490 
546 965 
547 1490 
547 1491 
547 965 
548 965 
548 970 
549 1492 
549 965 
549 970 
550 1141 
550 1308 
550 1493 
550 1494 
550 1495 
550 1496 
550 789 
550 896 
550 965 
551 1497 
551 1498 
551 1499 
551 1500 
551 1501 
551 363 
551 377 
551 378 
552 1498 
552 1502 
552 1503 
552 1504 
552 378 
553 1505 
554 1505 
554 1506 
555 1435 
555 1505 
556 1483 
556 1505 
556 1507 
556 400 
556 965 
557 1061 
557 1366 
557 1483 
557 1505 
557 595 
557 965 
558 1467 
558 1505 
558 595 
559 1363 
559 1467 
559 1505 
559 1508 
559 1509 
559 595 
560 1036 
560 1092 
560 1377 
560 144 
560 149 
560 1505 
560 1510 
560 1511 
560 1512 
560 1513 
560 1514 
560 1515 
561 1362 
561 1483 
561 1505 
561 1516 
562 1505 
562 1516 
563 1505 
563 1508 
563 1517 
563 1518 
563 1519 
563 1520 
563 1521 
563 1522 
563 1523 
564 1505 
564 592 
565 1120 
565 148 
565 1505 
565 1511 
565 1512 
565 1519 
565 1524 
565 1525 
565 1526 
565 1527 
565 1528 
565 1529 
565 1530 
565 1531 
566 1505 
566 1532 
566 1533 
566 1534 
566 1535 
566 1536 
567 1467 
567 1505 
568 1467 
568 1505 
568 1530 
569 1505 
569 1537 
570 1507 
571 1312 
571 1329 
571 1507 
571 1538 
571 1539 
571 1540 
571 232 
571 820 
571 877 
572 1507 
572 1541 
572 1542 
572 1543 
572 538 
573 1507 
573 1544 
573 1545 
573 1546 
573 1547 
573 1548 
573 1549 
573 1550 
573 1551 
573 466 
573 801 
574 1017 
574 1124 
574 1507 
574 1552 
574 1553 
574 1554 
574 1555 
574 1556 
574 472 
574 796 
575 1507 
575 1524 
575 1557 
575 1558 
575 1559 
575 1560 
575 1561 
575 1562 
575 821 
576 1507 
576 1524 
576 1563 
576 1564 
576 595 
576 821 
577 1363 
577 144 
577 1507 
577 1513 
577 1515 
577 1565 
577 1566 
577 1567 
577 1568 
577 1569 
577 1570 
577 1571 
577 96 
578 1119 
578 1232 
578 1382 
578 1507 
578 1572 
578 1573 
579 12 
579 1232 
579 1507 
579 1574 
579 1575 
579 1576 
579 1577 
580 1232 
580 1304 
580 1507 
580 1578 
580 803 
581 1232 
581 1507 
581 1579 
581 1580 
581 1581 
581 1582 
581 1583 
582 1123 
582 1507 
582 1553 
582 1584 
582 1585 
582 1586 
582 1587 
582 1588 
582 1589 
583 1507 
583 1553 
583 1579 
583 1582 
583 1590 
583 1591 
583 806 
584 1362 
584 1393 
584 1396 
584 1507 
584 1592 
584 1593 
584 1594 
584 1595 
584 1596 
584 1597 
584 1598 
584 1599 
585 1507 
585 1512 
585 1524 
585 1558 
585 1560 
585 1600 
585 1601 
586 1507 
586 1558 
586 1560 
586 1602 
586 1603 
586 1604 
586 1605 
586 1606 
586 595 
586 821 
586 880 
587 1110 
587 1115 
587 1177 
587 1507 
587 1607 
587 1608 
587 1609 
587 1610 
587 1611 
587 1612 
587 1613 
587 1614 
587 325 
587 58 
587 871 
587 880 
588 1507 
588 1558 
589 1507 
589 1524 
589 1530 
589 1558 
589 1600 
589 1601 
589 1615 
589 1616 
590 1507 
590 1617 
590 1618 
590 1619 
590 435 
590 790 
590 880 
591 1507 
591 1620 
591 1621 
591 865 
592 1181 
592 1373 
592 1507 
592 1556 
592 1622 
592 1623 
592 1624 
592 591 
592 865 
593 1244 
593 1329 
593 1507 
593 1556 
593 1625 
593 1626 
593 1627 
593 1628 
593 1629 
594 1507 
594 1552 
594 1554 
594 1630 
594 1631 
594 462 
594 805 
595 1036 
595 1507 
595 1600 
595 1615 
595 1632 
595 1633 
595 1634 
596 1298 
596 1507 
596 1635 
596 1636 
596 1637 
596 1638 
596 462 
596 901 
597 1507 
597 1639 
598 1373 
598 1507 
598 1640 
598 1641 
598 1642 
598 1643 
599 1507 
599 1644 
599 1645 
599 1646 
599 1647 
599 1648 
599 1649 
599 1650 
599 1651 
599 1652 
600 1507 
600 1653 
600 1654 
600 1655 
600 1656 
600 1657 
600 1658 
600 1659 
600 427 
601 1448 
601 1507 
601 1512 
601 1524 
601 1560 
601 1606 
601 1660 
601 1661 
602 1507 
602 1524 
602 1660 
602 1662 
603 1507 
603 1657 
603 1663 
603 1664 
603 1665 
603 1666 
603 412 
603 598 
603 883 
604 1667 
604 1668 
605 1669 
605 1670 
605 1671 
606 1672 
606 1673 
606 1674 
606 1675 
606 1676 
607 1672 
607 960 
607 963 
607 973 
608 1015 
608 1672 
608 959 
608 960 
608 963 
608 966 
608 976 
609 1015 
609 1672 
609 960 
609 963 
609 973 
609 977 
610 1015 
610 1018 
610 1672 
610 960 
610 963 
610 973 
610 977 
611 1039 
611 1672 
611 964 
611 965 
611 970 
612 1483 
612 1672 
613 1672 
613 1673 
613 1677 
613 1678 
613 1679 
613 1680 
613 1681 
614 1672 
614 1673 
614 1677 
614 1678 
614 1679 
614 1680 
614 1681 
614 1682 
614 1683 
615 1672 
615 1676 
615 1677 
615 1684 
615 1685 
615 1686 
615 1687 
616 1672 
616 1688 
616 1689 
616 1690 
616 1691 
616 1692 
616 1693 
616 1694 
616 1695 
616 1696 
616 1697 
616 1698 
616 1699 
616 1700 
617 966 
618 1701 
618 1702 
618 1703 
618 1704 
618 966 
619 1705 
619 24 
619 966 
620 205 
621 1023 
621 1026 
621 1038 
621 205 
621 93 
621 963 
621 964 
621 966 
621 968 
621 969 
621 971 
621 972 
621 987 
622 1016 
622 205 
622 93 
622 968 
622 970 
622 971 
622 973 
622 998 
623 1004 
623 1016 
623 1027 
623 1028 
623 205 
623 306 
623 93 
623 960 
623 964 
623 967 
623 969 
623 971 
623 972 
623 973 
623 987 
623 988 
624 1008 
624 1015 
624 1016 
624 1027 
624 1028 
624 1029 
624 205 
624 49 
624 959 
624 964 
624 965 
624 973 
624 975 
624 976 
624 977 
625 1004 
625 1020 
625 1027 
625 205 
625 306 
625 960 
625 968 
625 969 
625 971 
625 973 
625 975 
625 988 
626 1004 
626 1021 
626 1027 
626 1030 
626 1037 
626 1060 
626 1706 
626 205 
626 93 
626 960 
626 967 
626 972 
626 973 
626 988 
627 1004 
627 1020 
627 1028 
627 1038 
627 1039 
627 1706 
627 1707 
627 205 
627 963 
627 964 
627 988 
628 1016 
628 1026 
628 1028 
628 1030 
628 1060 
628 205 
628 963 
628 970 
628 972 
629 1028 
629 1038 
629 1047 
629 205 
629 968 
629 972 
629 973 
629 988 
630 1028 
630 205 
630 962 
630 968 
630 969 
630 973 
631 1019 
631 1023 
631 1028 
631 1041 
631 205 
631 960 
631 967 
631 971 
631 973 
632 1028 
632 205 
632 306 
632 93 
632 988 
633 1005 
633 205 
633 960 
633 970 
633 971 
633 988 
634 1020 
634 205 
634 970 
635 1021 
635 1030 
635 205 
635 963 
635 967 
635 973 
635 977 
635 988 
636 1004 
636 1037 
636 1047 
636 205 
636 965 
636 966 
636 967 
636 968 
636 969 
636 973 
637 1038 
637 205 
637 964 
637 973 
638 1004 
638 1019 
638 205 
638 964 
638 966 
638 967 
638 968 
638 973 
639 1019 
639 205 
639 49 
639 782 
639 975 
640 1027 
640 1037 
640 1708 
640 1709 
640 1710 
640 1711 
641 1021 
641 1027 
641 963 
642 1006 
642 1027 
642 964 
642 965 
642 977 
643 1027 
643 1037 
643 960 
643 964 
643 977 
644 1027 
644 1712 
644 1713 
644 1714 
644 1715 
645 1027 
645 1028 
645 138 
645 306 
645 93 
645 959 
645 969 
646 1004 
646 1027 
646 1028 
646 964 
646 967 
646 968 
646 973 
647 1016 
647 1027 
647 1028 
647 960 
647 966 
647 967 
647 971 
647 973 
648 1016 
648 1023 
648 1027 
648 1028 
648 1036 
648 967 
648 968 
648 971 
648 972 
648 973 
648 975 
649 1016 
649 1027 
649 1028 
649 1036 
649 1037 
649 960 
649 968 
649 969 
649 970 
649 973 
650 1020 
650 1023 
650 1027 
650 1028 
650 1037 
650 960 
650 967 
650 968 
650 970 
650 971 
650 972 
650 973 
651 1020 
651 1027 
651 1028 
651 1030 
651 306 
651 964 
651 967 
651 972 
651 987 
651 988 
652 1004 
652 1021 
652 1026 
652 1027 
652 1028 
652 1030 
652 93 
652 972 
652 987 
653 1025 
653 1026 
653 1027 
653 1028 
653 1029 
653 1030 
653 1032 
653 1045 
653 1048 
653 1063 
653 138 
653 1467 
653 1716 
653 472 
653 49 
653 93 
653 974 
654 1026 
654 1027 
654 1028 
654 1037 
654 969 
654 971 
654 975 
655 1027 
655 1028 
655 1037 
655 1038 
655 1039 
655 964 
655 968 
655 970 
655 971 
655 973 
655 975 
656 1027 
656 1028 
656 138 
656 1717 
656 306 
656 49 
656 967 
656 987 
657 1004 
657 1024 
657 1027 
657 1035 
657 964 
657 965 
657 970 
657 973 
657 975 
658 1027 
658 1035 
658 960 
658 965 
658 973 
659 1027 
659 1718 
659 1719 
659 3 
660 1027 
660 49 
660 962 
661 1027 
661 1045 
661 1048 
661 962 
661 988 
662 1027 
662 1720 
662 1721 
662 1722 
662 1723 
662 1724 
662 1725 
662 1726 
662 1727 
662 1728 
663 1027 
663 967 
663 988 
664 1027 
664 974 
664 988 
665 1023 
665 1024 
665 1027 
665 1030 
665 959 
665 969 
665 972 
665 988 
666 1026 
666 1027 
666 1030 
666 428 
666 472 
666 93 
666 964 
666 967 
666 969 
666 971 
666 988 
667 1004 
667 1024 
667 1027 
667 1030 
667 1034 
667 1060 
667 962 
667 967 
667 971 
667 973 
667 988 
668 1027 
668 1030 
668 1032 
668 1060 
668 472 
668 964 
669 1027 
669 1030 
669 1729 
669 1730 
669 204 
669 239 
669 472 
669 988 
670 1027 
670 1303 
670 1731 
670 472 
670 49 
670 962 
671 1027 
671 1034 
671 1039 
671 93 
671 963 
671 988 
672 1027 
672 1087 
672 1732 
672 1733 
673 1027 
673 1734 
673 1735 
673 1736 
673 1737 
673 1738 
673 1739 
673 1740 
674 1027 
674 1734 
674 1737 
674 1741 
674 1742 
674 1743 
674 1744 
674 1745 
674 1746 
675 1026 
675 1027 
675 967 
676 1027 
676 1032 
676 1063 
676 472 
676 49 
676 93 
676 962 
676 988 
677 1027 
677 1063 
677 1747 
677 93 
677 988 
678 1027 
678 1087 
679 1016 
679 1028 
679 963 
679 964 
679 967 
679 968 
679 971 
679 973 
680 1004 
680 1028 
680 1032 
680 228 
680 49 
680 963 
680 970 
680 972 
681 1004 
681 1005 
681 1028 
681 782 
681 963 
681 967 
681 972 
681 973 
681 988 
682 1028 
682 138 
682 1748 
682 93 
682 962 
682 963 
682 988 
683 1028 
683 964 
683 967 
683 971 
683 973 
684 1028 
684 1037 
684 960 
684 964 
684 967 
684 970 
684 971 
684 973 
685 1028 
685 1037 
685 1039 
685 964 
685 969 
685 970 
685 973 
686 1016 
686 1028 
686 1037 
686 964 
686 965 
686 967 
686 973 
686 988 
687 1016 
687 1028 
687 965 
687 971 
688 1028 
688 1029 
688 1037 
688 964 
688 968 
688 970 
689 1028 
689 967 
689 971 
689 973 
690 1028 
690 969 
690 971 
690 975 
691 1004 
691 1028 
691 1035 
691 964 
691 965 
691 970 
691 973 
692 1028 
692 1035 
692 1037 
692 1038 
692 1039 
692 49 
692 782 
692 960 
692 964 
692 967 
692 968 
692 969 
692 970 
692 972 
692 973 
692 975 
693 1016 
693 1028 
693 1036 
693 49 
693 964 
693 965 
693 966 
693 970 
693 973 
694 1016 
694 1018 
694 1028 
694 1036 
694 964 
694 965 
694 976 
695 1023 
695 1028 
695 1036 
695 970 
695 971 
695 975 
696 1020 
696 1021 
696 1024 
696 1028 
696 1031 
696 1043 
696 987 
697 1020 
697 1028 
697 1040 
697 93 
697 962 
697 964 
697 967 
697 975 
697 988 
698 1020 
698 1026 
698 1028 
698 1058 
698 1749 
699 1020 
699 1028 
699 1037 
699 93 
699 971 
699 973 
699 987 
699 989 
700 1021 
700 1026 
700 1028 
700 1030 
700 93 
700 963 
700 967 
700 971 
700 988 
701 1028 
701 1030 
701 1037 
701 964 
701 967 
701 968 
701 970 
701 973 
702 1016 
702 1028 
702 1030 
702 1037 
702 1043 
702 964 
702 965 
702 967 
702 969 
702 970 
702 973 
702 977 
703 1016 
703 1028 
703 1030 
703 960 
703 966 
703 967 
703 971 
703 973 
703 988 
704 1016 
704 1023 
704 1028 
704 1030 
704 1036 
704 1513 
704 306 
704 959 
704 963 
704 967 
704 972 
704 973 
704 975 
704 987 
705 1005 
705 1016 
705 1024 
705 1028 
705 1030 
705 1036 
705 969 
705 971 
705 973 
706 1016 
706 1019 
706 1026 
706 1028 
706 1030 
706 1031 
706 1033 
706 306 
706 49 
706 93 
706 963 
706 971 
706 988 
707 1011 
707 1016 
707 1028 
707 1030 
707 1060 
707 1731 
707 1750 
707 472 
707 816 
707 88 
707 92 
707 959 
707 962 
708 1020 
708 1021 
708 1028 
708 1030 
708 1047 
708 1060 
708 1467 
708 93 
708 974 
709 1028 
709 1037 
709 966 
709 967 
709 970 
709 972 
709 973 
710 1028 
710 472 
710 967 
710 968 
711 1028 
711 1731 
711 306 
711 967 
711 969 
711 987 
712 1028 
712 1038 
712 964 
712 966 
712 967 
712 970 
713 1020 
713 1028 
713 1038 
713 964 
713 966 
713 967 
713 968 
713 969 
713 972 
713 973 
714 1026 
714 1028 
714 1034 
714 959 
714 967 
714 969 
714 989 
715 1016 
715 1023 
715 1028 
715 1034 
715 1036 
715 1037 
715 782 
715 964 
715 966 
715 968 
715 970 
715 971 
715 972 
715 973 
716 1004 
716 1016 
716 1025 
716 1026 
716 1028 
716 1034 
716 1036 
716 1044 
716 1473 
716 967 
716 969 
716 970 
716 973 
716 977 
716 987 
716 988 
717 1028 
717 49 
717 782 
717 975 
717 988 
718 1021 
718 1028 
718 138 
718 472 
718 49 
718 967 
719 1028 
719 1037 
719 1060 
719 960 
719 964 
719 966 
719 967 
719 968 
719 970 
719 971 
719 972 
719 973 
720 1023 
720 1028 
720 1060 
720 960 
720 967 
720 970 
720 971 
720 973 
720 988 
721 1024 
721 1028 
721 1060 
721 782 
721 962 
721 988 
722 1028 
722 1032 
722 1034 
722 1063 
722 49 
722 962 
723 1028 
723 1033 
723 1256 
723 1376 
723 1750 
723 1751 
723 1752 
723 1753 
723 433 
723 959 
723 971 
724 1028 
724 1376 
724 1495 
724 1750 
724 1751 
724 1754 
724 94 
724 959 
724 979 
725 1029 
725 976 
725 977 
726 1029 
726 965 
726 973 
726 976 
727 1029 
727 472 
727 962 
727 967 
727 988 
728 1004 
728 1019 
728 1021 
728 1029 
728 782 
728 93 
728 962 
728 988 
728 989 
729 1011 
729 1029 
729 1384 
729 1755 
729 1756 
729 1757 
729 1758 
729 64 
729 818 
729 983 
729 984 
729 994 
730 973 
731 1759 
731 797 
731 973 
732 1047 
732 1083 
732 973 
733 800 
733 973 
734 1467 
734 1760 
734 973 
735 1047 
735 1083 
735 1467 
735 973 
736 1083 
736 973 
737 1083 
737 1467 
737 970 
737 973 
738 1761 
738 1762 
738 463 
738 797 
738 973 
739 1018 
739 1672 
739 963 
739 966 
739 977 
740 1004 
740 1015 
740 1018 
740 965 
740 977 
741 1763 
742 1061 
742 1435 
742 1483 
742 1505 
742 1565 
742 1763 
743 1051 
743 1763 
743 1764 
743 1765 
743 1766 
743 1767 
743 1768 
743 1769 
743 1770 
743 1771 
743 1772 
743 1773 
743 1774 
743 1775 
743 1776 
743 400 
744 1508 
744 1516 
744 1763 
744 1777 
744 1778 
745 1487 
745 1494 
745 1779 
745 1780 
745 1781 
745 1782 
745 1783 
745 1784 
745 1785 
745 1786 
745 443 
745 503 
745 971 
746 1185 
746 1544 
746 1787 
746 503 
746 807 
746 971 
747 1467 
747 971 
748 1436 
749 1436 
749 1788 
750 1435 
750 1436 
750 1789 
751 1436 
751 1440 
752 1436 
752 239 
753 1035 
753 959 
753 963 
753 973 
754 1020 
754 1035 
754 963 
754 973 
754 977 
755 1035 
755 960 
755 964 
755 973 
756 1035 
756 960 
756 964 
756 965 
756 966 
756 970 
756 973 
757 1035 
757 964 
757 966 
757 967 
757 968 
757 972 
757 988 
758 1016 
758 1035 
758 93 
758 964 
758 965 
758 973 
758 977 
759 1016 
759 1035 
759 965 
759 976 
760 1016 
760 1018 
760 1035 
760 93 
760 965 
760 973 
760 976 
760 989 
761 1016 
761 1035 
761 228 
761 965 
761 973 
762 1004 
762 1018 
762 1035 
762 965 
762 973 
762 976 
762 977 
763 1016 
763 1035 
763 1036 
763 964 
763 965 
763 966 
763 973 
763 988 
764 1016 
764 1022 
764 1035 
764 1036 
764 965 
764 966 
764 970 
764 977 
765 1004 
765 1035 
765 228 
765 964 
765 965 
765 973 
766 1035 
766 228 
766 964 
766 965 
766 973 
766 976 
767 1035 
767 1045 
767 472 
767 967 
767 968 
767 975 
767 987 
768 1005 
768 1035 
768 1041 
768 960 
768 963 
768 964 
768 970 
768 973 
769 1790 
769 1791 
769 1792 
769 1793 
769 1794 
769 1795 
769 377 
769 378 
770 1036 
770 964 
770 965 
770 966 
771 1016 
771 1036 
771 964 
771 965 
772 1016 
772 1036 
772 1043 
772 960 
772 966 
772 969 
772 971 
772 973 
773 1016 
773 1036 
773 1048 
773 228 
773 960 
773 965 
773 971 
773 973 
773 977 
774 1016 
774 1036 
774 1038 
774 966 
774 967 
774 968 
774 969 
774 970 
775 1020 
775 1024 
775 1036 
775 964 
776 988 
777 1796 
777 1797 
777 1798 
777 358 
778 1799 
779 1800 
779 1801 
780 1800 
780 363 
781 1802 
781 1803 
781 1804 
781 1805 
781 1806 
781 1807 
781 1808 
782 1802 
782 1809 
782 1810 
783 1008 
783 959 
783 964 
783 965 
783 966 
783 967 
783 970 
783 972 
783 973 
784 1008 
784 1017 
784 1811 
784 960 
784 964 
784 965 
784 973 
785 1008 
785 964 
785 965 
785 973 
786 1008 
786 1048 
786 966 
786 973 
786 977 
787 1008 
787 1028 
787 960 
787 964 
787 965 
787 967 
787 970 
787 973 
788 1008 
788 1028 
788 1030 
788 138 
788 49 
788 782 
788 959 
788 962 
788 971 
789 1008 
789 1035 
789 964 
789 965 
789 973 
789 977 
790 1005 
790 1008 
790 1017 
790 1035 
790 1048 
790 960 
790 964 
790 967 
790 970 
790 973 
791 1008 
791 1035 
791 965 
791 966 
791 970 
791 973 
791 977 
792 1008 
792 1035 
792 228 
792 964 
792 965 
792 970 
792 973 
793 1008 
793 1035 
793 1037 
793 1048 
793 965 
793 973 
794 1008 
794 1043 
794 1044 
794 1060 
794 49 
794 93 
794 962 
794 967 
794 973 
794 987 
795 1008 
795 1024 
795 1039 
795 1043 
795 967 
795 973 
796 1005 
796 1812 
796 1813 
796 1814 
796 1815 
796 1816 
796 1817 
796 1818 
796 1819 
796 1820 
796 1821 
796 1822 
796 1823 
796 1824 
796 950 
796 955 
797 1005 
797 1484 
797 1825 
797 1826 
797 1827 
797 1828 
797 779 
798 1005 
798 11 
798 1458 
798 1464 
798 1829 
798 1830 
798 1831 
798 1832 
798 52 
799 1005 
799 1658 
799 1664 
799 1833 
799 1834 
799 1835 
799 1836 
799 1837 
799 1838 
799 1839 
800 1005 
800 1840 
800 1841 
800 1842 
800 1843 
800 1844 
800 1845 
800 1846 
801 1005 
801 1847 
801 1848 
801 1849 
801 1850 
801 1851 
801 825 
802 1005 
802 1458 
802 1852 
802 1853 
802 1854 
802 1855 
802 1856 
802 400 
803 1005 
803 1658 
803 1833 
803 1835 
803 1837 
804 1005 
804 144 
804 1843 
804 1857 
804 1858 
805 1005 
805 1859 
805 1860 
805 1861 
805 1862 
806 1031 
807 1031 
807 1120 
807 1863 
807 1864 
807 1865 
807 1866 
807 1867 
807 332 
808 1031 
808 1868 
808 1869 
808 1870 
808 1871 
808 1872 
808 1873 
808 1874 
808 1875 
809 1031 
809 138 
809 1758 
809 1876 
809 1877 
809 51 
809 816 
809 959 
809 962 
809 970 
810 1031 
810 1114 
810 138 
810 1878 
810 1879 
810 51 
810 959 
811 1031 
811 962 
811 964 
811 970 
811 971 
811 975 
812 1016 
812 1031 
812 1033 
812 138 
812 1478 
812 93 
812 959 
812 962 
812 967 
812 969 
812 987 
812 988 
813 1031 
813 1060 
813 49 
813 959 
813 962 
813 973 
814 1019 
814 1024 
814 1026 
814 1031 
814 49 
814 782 
814 93 
814 962 
815 1011 
815 1031 
815 1758 
815 1880 
815 92 
815 959 
815 996 
816 1031 
816 1881 
816 1882 
816 1883 
816 1884 
816 1885 
816 1886 
816 1887 
816 1888 
816 1889 
816 1890 
816 1891 
816 1892 
816 1893 
816 1894 
816 1895 
816 1896 
816 1897 
816 1898 
817 1031 
817 1730 
818 1011 
818 1031 
818 959 
819 1011 
819 1031 
819 1758 
820 1011 
820 1031 
820 969 
820 987 
821 1031 
821 1750 
821 1876 
821 52 
821 92 
821 959 
821 970 
822 1011 
822 1031 
822 1037 
822 1114 
822 88 
822 969 
823 49 
824 1758 
824 1899 
824 1900 
824 1901 
824 49 
824 50 
824 52 
824 89 
824 891 
824 984 
825 107 
825 1902 
825 1903 
825 1904 
825 473 
825 49 
825 695 
826 1028 
826 1758 
826 1905 
826 1906 
826 1907 
826 1908 
826 1909 
826 49 
826 875 
827 49 
827 962 
828 1232 
828 49 
829 1091 
829 1901 
829 1907 
829 1910 
829 49 
829 53 
829 818 
829 875 
829 982 
829 984 
830 1384 
830 1901 
830 1911 
830 1912 
830 1913 
830 49 
830 51 
830 52 
830 891 
830 986 
830 992 
831 1179 
831 1214 
831 1539 
831 1914 
831 1915 
831 327 
831 49 
832 1361 
832 1363 
832 1518 
832 1916 
832 1917 
832 1918 
832 49 
833 103 
833 1919 
833 1920 
833 1921 
833 1922 
833 1923 
833 49 
834 1280 
834 1384 
834 1901 
834 1912 
834 49 
834 992 
834 995 
835 1758 
835 1901 
835 1910 
835 1924 
835 1925 
835 1926 
835 49 
835 59 
835 90 
836 1181 
836 1268 
836 1907 
836 1910 
836 1927 
836 49 
836 974 
836 980 
837 129 
837 1928 
837 1929 
837 1930 
837 1931 
837 49 
838 970 
839 1077 
839 1932 
839 1933 
839 1934 
839 1935 
839 970 
840 1058 
840 1079 
840 1936 
840 1937 
840 1938 
840 773 
840 887 
840 900 
840 970 
840 991 
841 1041 
841 1449 
841 1862 
841 1939 
841 1940 
841 1941 
841 970 
842 1942 
842 970 
843 1079 
843 1106 
843 1379 
843 1943 
843 1944 
843 1945 
843 887 
843 970 
844 967 
844 970 
845 1106 
845 1919 
845 1946 
845 407 
845 854 
845 891 
845 970 
846 1947 
846 850 
846 970 
847 106 
847 1948 
847 1949 
847 1950 
847 1951 
847 1952 
847 1953 
847 1954 
847 1955 
847 1956 
847 910 
847 970 
848 1062 
848 1291 
848 1436 
848 1948 
848 1957 
848 1958 
848 1959 
848 1960 
848 1961 
848 899 
848 915 
848 970 
849 1090 
849 1170 
849 1939 
849 1962 
849 1963 
849 1964 
849 1965 
849 538 
849 970 
850 1025 
850 1170 
850 1262 
850 1536 
850 1963 
850 1966 
850 1967 
850 1968 
850 1969 
850 1970 
850 1971 
850 1972 
850 1973 
850 1974 
850 1975 
850 1976 
850 970 
851 1738 
851 1971 
851 1977 
851 1978 
851 1979 
851 1980 
851 1981 
851 1982 
851 1983 
851 1984 
851 1985 
851 1986 
851 1987 
851 970 
852 1939 
852 1988 
852 1989 
852 1990 
852 1991 
852 970 
853 1079 
853 1109 
853 1305 
853 1971 
853 1992 
853 1993 
853 1994 
853 1995 
853 1996 
853 834 
853 970 
854 1123 
854 1782 
854 1997 
854 1998 
854 1999 
854 416 
854 538 
854 813 
854 970 
855 1933 
855 1959 
855 2000 
855 2001 
855 2002 
855 51 
855 970 
855 971 
856 1337 
856 1598 
856 2003 
856 2004 
856 2005 
856 2006 
856 2007 
856 2008 
856 28 
856 970 
857 1862 
857 1940 
857 2009 
857 2010 
857 2011 
857 2012 
857 970 
857 986 
858 1042 
859 1042 
859 1925 
859 2013 
859 2014 
859 2015 
859 2016 
860 1042 
860 1079 
860 1083 
860 116 
860 2017 
860 2018 
860 2019 
860 2020 
860 2021 
860 2022 
860 435 
860 617 
861 1042 
861 2023 
862 1042 
862 1192 
862 1280 
862 2024 
862 2025 
862 2026 
862 2027 
862 434 
862 461 
862 466 
862 58 
863 1042 
863 400 
863 531 
864 228 
865 228 
865 959 
865 964 
865 968 
865 973 
866 1003 
866 1006 
866 1018 
866 1048 
866 2028 
866 2029 
866 2030 
866 2031 
866 228 
866 959 
866 964 
866 965 
866 973 
866 976 
866 977 
867 1905 
867 228 
868 228 
868 967 
868 968 
869 1271 
869 228 
870 2032 
870 228 
871 2033 
871 228 
872 147 
872 228 
873 1083 
873 1467 
873 2030 
873 2034 
873 2035 
874 1020 
874 1028 
874 1030 
874 1467 
874 1716 
874 2030 
874 973 
875 1008 
875 1016 
875 1036 
875 1037 
875 2030 
875 959 
875 960 
875 964 
875 966 
875 967 
875 970 
875 973 
876 1021 
876 1025 
876 1028 
876 1030 
876 1032 
876 1063 
876 1083 
876 1467 
876 2030 
876 2036 
876 963 
877 1179 
877 1357 
877 1487 
877 16 
877 2030 
877 2037 
877 2038 
877 2039 
877 2040 
877 2041 
878 1513 
879 1483 
879 1507 
879 1513 
879 400 
879 965 
880 1363 
880 1513 
880 1558 
880 1632 
880 2042 
880 2043 
880 2044 
880 595 
881 1513 
881 2045 
881 2046 
881 2047 
882 1513 
882 1520 
882 1604 
882 1704 
882 2048 
882 2049 
882 2050 
882 2051 
882 2052 
882 239 
883 1483 
883 2053 
883 400 
883 965 
884 2054 
884 2055 
885 2054 
885 2055 
885 2056 
885 2057 
885 2058 
885 2059 
885 2060 
886 1366 
886 1483 
886 595 
887 1366 
887 595 
888 1099 
888 138 
888 1877 
888 2061 
888 2062 
888 2063 
888 2064 
888 306 
888 595 
888 790 
889 1366 
890 1366 
890 2065 
890 2066 
890 2067 
890 2068 
890 2069 
890 2070 
890 2071 
890 2072 
890 2073 
890 2074 
891 1366 
891 2075 
891 2076 
891 2077 
891 2078 
891 2079 
892 1366 
892 2080 
892 2081 
892 2082 
893 1020 
893 1021 
893 49 
893 973 
893 974 
893 975 
894 1020 
894 1047 
894 1467 
894 1468 
894 1716 
894 973 
895 967 
896 1043 
896 959 
896 967 
897 1088 
897 1095 
897 1123 
897 2083 
897 2084 
897 2085 
897 2086 
897 2087 
897 2088 
897 2089 
897 791 
897 967 
898 1130 
898 1195 
898 2090 
898 2091 
898 2092 
898 2093 
898 2094 
898 2095 
898 487 
898 865 
898 967 
899 1112 
899 2096 
899 2097 
899 2098 
899 2099 
899 2100 
899 2101 
899 967 
900 1021 
900 1715 
900 2102 
900 836 
900 967 
901 1017 
901 1041 
901 1361 
901 1592 
901 1599 
901 2007 
901 2044 
901 2103 
901 2104 
901 2105 
901 2106 
901 2107 
901 967 
902 101 
902 1076 
902 1214 
902 1484 
902 1551 
902 2035 
902 2108 
902 2109 
902 2110 
902 2111 
902 2112 
902 2113 
902 2114 
902 2115 
902 2116 
902 2117 
902 2118 
902 429 
902 967 
903 1148 
903 1490 
903 2119 
903 2120 
903 2121 
903 2122 
903 2123 
903 2124 
903 967 
904 1710 
904 1718 
904 2125 
904 2126 
904 2127 
904 967 
905 1581 
905 1973 
905 2128 
905 2129 
905 2130 
905 50 
905 807 
905 855 
905 885 
905 967 
906 967 
906 988 
907 2011 
907 2131 
907 2132 
907 2133 
907 967 
907 975 
908 1037 
908 2134 
908 2135 
908 2136 
908 2137 
908 2138 
908 2139 
908 967 
908 985 
909 1079 
909 1436 
909 1907 
909 2140 
909 2141 
909 2142 
909 2143 
909 2144 
909 2145 
909 2146 
909 2147 
909 967 
909 992 
910 2096 
910 2148 
910 2149 
910 2150 
910 2151 
910 913 
910 967 
910 970 
911 1718 
911 2133 
911 2152 
911 2153 
911 2154 
911 2155 
911 2156 
911 2157 
911 2158 
911 967 
911 970 
912 2159 
912 2160 
912 2161 
912 2162 
912 2163 
912 967 
912 970 
913 1175 
913 1340 
913 1442 
913 1518 
913 2087 
913 2164 
913 2165 
913 2166 
913 2167 
913 49 
913 967 
913 972 
914 1281 
914 1384 
914 2168 
914 2169 
914 2170 
914 2171 
914 2172 
914 2173 
914 2174 
914 2175 
914 2176 
914 2177 
914 2178 
914 442 
914 645 
914 732 
914 965 
914 967 
915 1783 
915 1964 
915 2091 
915 2179 
915 2180 
915 2181 
915 2182 
915 2183 
915 2184 
915 2185 
915 2186 
915 2187 
915 2188 
915 2189 
915 2190 
915 2191 
915 2192 
915 2193 
915 967 
916 1037 
916 1708 
916 2125 
916 2133 
916 2194 
916 2195 
916 2196 
916 967 
916 987 
917 1037 
917 2125 
917 2134 
917 2197 
917 967 
918 1076 
918 1195 
918 1203 
918 1222 
918 1223 
918 1225 
918 1338 
918 1544 
918 2061 
918 2147 
918 2198 
918 2199 
918 516 
918 816 
918 855 
918 915 
918 967 
918 980 
919 967 
919 968 
920 1028 
920 2200 
920 2201 
920 228 
920 962 
920 967 
920 973 
921 1177 
921 2125 
921 329 
921 88 
921 885 
921 967 
922 1976 
922 2011 
922 2202 
922 2203 
922 2204 
922 2205 
922 967 
923 1493 
923 2048 
923 2206 
923 2207 
923 2208 
923 2209 
923 2210 
923 967 
924 1119 
924 1170 
924 2088 
924 2211 
924 2212 
924 2213 
924 2214 
924 2215 
924 2216 
924 2217 
924 2218 
924 2219 
924 2220 
924 325 
924 430 
924 812 
924 967 
925 1203 
925 1246 
925 1385 
925 1587 
925 1907 
925 2128 
925 2221 
925 2222 
925 2223 
925 2224 
925 967 
926 1031 
926 1091 
926 1242 
926 2139 
926 2225 
926 2226 
926 2227 
926 2228 
926 2229 
926 2230 
926 967 
926 987 
927 2231 
927 2232 
927 2233 
927 2234 
927 2235 
927 2236 
927 2237 
927 967 
928 1031 
928 1238 
928 2011 
928 2225 
928 2238 
928 967 
929 1718 
929 1777 
929 2134 
929 2239 
929 967 
930 1079 
930 1223 
930 1436 
930 2240 
930 807 
930 816 
930 967 
931 2241 
931 2242 
931 2243 
931 2244 
931 2245 
931 2246 
931 2247 
931 967 
931 987 
932 1436 
932 1758 
932 1962 
932 1970 
932 2222 
932 2241 
932 2248 
932 2249 
932 2250 
932 503 
932 596 
932 88 
932 967 
932 974 
933 1026 
933 1312 
933 1384 
933 1385 
933 1781 
933 1908 
933 2251 
933 2252 
933 603 
933 967 
933 984 
934 1028 
934 2253 
934 959 
934 967 
934 969 
935 2239 
935 967 
936 203 
936 2239 
936 2254 
936 2255 
936 2256 
936 2257 
936 2258 
936 2259 
936 2260 
936 2261 
936 967 
937 1177 
937 1230 
937 1386 
937 2061 
937 2083 
937 2125 
937 2222 
937 2262 
937 2263 
937 2264 
937 910 
937 967 
937 986 
938 1510 
938 1781 
938 2085 
938 2265 
938 2266 
938 2267 
938 967 
939 1592 
939 1877 
939 2268 
939 2269 
939 427 
939 967 
940 2061 
940 2131 
940 2140 
940 2181 
940 2221 
940 2270 
940 593 
940 899 
940 903 
940 92 
940 967 
941 1115 
941 1244 
941 1983 
941 2218 
941 2271 
941 2272 
941 2273 
941 2274 
941 462 
941 49 
941 967 
942 1177 
942 2222 
942 2275 
942 2276 
942 2277 
942 2278 
942 2279 
942 2280 
942 2281 
942 2282 
942 2283 
942 2284 
942 50 
942 593 
942 832 
942 967 
943 1091 
943 1291 
943 2139 
943 2222 
943 2252 
943 2285 
943 2286 
943 2287 
943 2288 
943 2289 
943 2290 
943 490 
943 967 
944 1185 
944 1997 
944 2088 
944 2203 
944 2291 
944 2292 
944 2293 
944 407 
944 502 
944 967 
945 2064 
945 2134 
945 2225 
945 770 
945 967 
945 972 
945 987 
946 1017 
946 2270 
946 2294 
946 2295 
946 2296 
946 2297 
946 490 
946 503 
946 967 
947 1136 
947 1301 
947 2232 
947 2233 
947 2298 
947 2299 
947 2300 
947 2301 
947 2302 
947 2303 
947 2304 
947 967 
948 2138 
948 2139 
948 2305 
948 967 
949 1835 
949 2139 
949 2246 
949 2247 
949 2306 
949 2307 
949 2308 
949 2309 
949 2310 
949 967 
950 1490 
950 780 
950 965 
951 1012 
951 1704 
951 1716 
951 2311 
951 2312 
951 780 
952 1483 
952 2313 
952 400 
952 595 
952 780 
953 1057 
954 1052 
954 1057 
954 1125 
954 1128 
954 231 
954 2314 
955 1057 
955 2234 
956 1057 
956 1102 
956 2315 
956 2316 
956 2317 
956 2318 
956 2319 
956 2320 
957 1057 
957 1188 
957 2321 
957 2322 
957 2323 
957 2324 
957 2325 
957 2326 
957 842 
958 1057 
958 107 
958 1125 
958 2327 
958 2328 
959 1057 
959 1170 
959 1185 
959 1280 
959 2327 
959 2329 
959 2330 
959 2331 
959 499 
959 69 
960 101 
960 1057 
960 2332 
960 2333 
960 2334 
960 2335 
960 2336 
960 2337 
960 2338 
960 486 
960 736 
961 1057 
961 2339 
961 2340 
962 1025 
962 1057 
962 1454 
962 1505 
962 1993 
962 2341 
962 2342 
962 2343 
962 2344 
962 472 
963 1057 
963 127 
963 2127 
963 2345 
963 2346 
963 2347 
963 2348 
963 2349 
963 2350 
963 2351 
963 2352 
963 2353 
963 2354 
963 2355 
963 2356 
964 1057 
964 109 
964 2349 
964 2354 
964 2355 
964 2357 
964 2358 
964 2359 
964 2360 
964 2361 
964 2362 
964 2363 
964 2364 
964 2365 
964 2366 
964 2367 
964 2368 
964 2369 
964 2370 
964 886 
965 1057 
965 2371 
965 2372 
965 2373 
966 1027 
966 1028 
966 1031 
966 1057 
966 1731 
966 2374 
966 2375 
966 472 
966 93 
966 959 
966 969 
967 1026 
967 1027 
967 1057 
967 1750 
967 472 
967 93 
968 1028 
968 1057 
968 138 
968 472 
968 959 
968 967 
968 969 
969 1028 
969 1030 
969 1032 
969 1057 
969 306 
969 472 
969 93 
969 959 
969 962 
969 969 
970 1020 
970 1028 
970 1057 
970 138 
970 1731 
970 93 
970 988 
971 1011 
971 1012 
971 1028 
971 1057 
971 1731 
971 472 
971 959 
971 969 
972 1028 
972 1057 
972 138 
972 2374 
972 959 
973 1011 
973 1023 
973 1028 
973 1057 
973 1063 
973 138 
973 1704 
973 1716 
973 1731 
973 1750 
973 2139 
973 472 
973 93 
973 959 
973 962 
973 963 
973 969 
973 978 
973 994 
974 1011 
974 1028 
974 1057 
974 1060 
974 1063 
974 1731 
974 1750 
974 2225 
974 306 
974 959 
974 967 
974 969 
974 987 
975 1028 
975 1045 
975 1057 
975 1063 
975 1380 
975 306 
975 93 
975 959 
975 961 
976 1011 
976 1028 
976 1057 
976 1750 
976 2375 
976 472 
976 93 
976 988 
977 1028 
977 1057 
977 1750 
977 472 
977 93 
977 959 
978 1028 
978 1057 
978 1750 
978 967 
978 969 
979 1029 
979 1057 
980 1029 
980 1057 
980 1993 
980 306 
980 49 
980 93 
980 962 
981 1057 
981 110 
981 1556 
981 2169 
981 2328 
981 2376 
981 2377 
981 2378 
981 2379 
981 485 
982 1057 
982 1079 
982 1088 
982 2361 
982 2380 
982 2381 
982 2382 
982 2383 
982 2384 
982 2385 
982 2386 
982 2387 
982 2388 
982 2389 
982 2390 
982 2391 
983 1057 
983 106 
983 1635 
983 2351 
983 2388 
983 2392 
983 2393 
983 2394 
983 2395 
983 2396 
983 2397 
983 2398 
983 2399 
983 464 
983 49 
983 501 
983 525 
983 969 
983 99 
984 1057 
984 2388 
984 2400 
984 2401 
984 2402 
984 2403 
984 2404 
984 2405 
984 2406 
984 2407 
984 95 
985 1057 
985 1525 
985 2267 
985 2339 
985 2408 
985 2409 
985 2410 
985 2411 
985 2412 
985 2413 
985 2414 
985 2415 
985 2416 
985 607 
986 1057 
986 2335 
986 2400 
986 2402 
986 2417 
986 2418 
986 2419 
986 2420 
986 2421 
986 733 
986 799 
986 95 
987 1057 
987 128 
987 2351 
987 2393 
987 2403 
987 2422 
987 2423 
987 2424 
987 2425 
987 2426 
987 2427 
987 2428 
987 2429 
987 2430 
987 2431 
987 2432 
987 2433 
987 2434 
987 2435 
987 2436 
987 328 
987 407 
987 425 
987 518 
987 525 
987 736 
988 101 
988 1057 
988 1227 
988 1316 
988 1327 
988 2332 
988 2400 
988 2437 
988 2438 
988 2439 
988 2440 
988 2441 
988 2442 
988 2443 
988 2444 
988 2445 
988 2446 
988 2447 
988 505 
989 1057 
989 106 
989 2121 
989 2171 
989 2448 
989 2449 
989 2450 
989 2451 
989 2452 
989 2453 
989 2454 
989 492 
989 538 
989 548 
990 1057 
990 1294 
990 1693 
990 1782 
990 2345 
990 2367 
990 2455 
990 2456 
990 2457 
990 2458 
990 2459 
990 2460 
990 2461 
990 2462 
990 2463 
990 2464 
990 2465 
990 2466 
990 2467 
990 2468 
991 1057 
991 1133 
991 1518 
991 1532 
991 1593 
991 2469 
991 2470 
991 2471 
991 2472 
992 1057 
992 1094 
992 2181 
992 2208 
992 2398 
992 2473 
992 2474 
992 2475 
992 2476 
992 796 
993 1051 
993 1052 
993 1057 
993 2477 
993 2478 
993 2479 
993 2480 
993 2481 
994 1051 
994 1057 
994 2478 
994 2481 
995 1057 
995 1149 
995 1203 
995 1533 
995 2198 
995 2298 
995 2328 
995 2482 
995 2483 
995 2484 
995 2485 
995 2486 
995 2487 
995 2488 
995 2489 
995 493 
996 1057 
996 1855 
996 2416 
996 2490 
996 2491 
996 2492 
996 2493 
996 2494 
996 2495 
997 1030 
997 1057 
997 138 
997 472 
997 93 
997 959 
997 967 
997 988 
998 1030 
998 1057 
998 1063 
998 138 
998 1750 
998 2375 
998 306 
998 93 
998 959 
999 1057 
999 1766 
999 2016 
999 2496 
999 2497 
1000 1057 
1000 1782 
1000 2349 
1000 2361 
1000 2367 
1000 2406 
1000 2460 
1000 2498 
1000 2499 
1000 2500 
1000 2501 
1000 2502 
1000 2503 
1000 2504 
1000 2505 
1000 2506 
1000 2507 
1000 2508 
1000 2509 
1000 570 
1000 657 
1001 1017 
1001 1057 
1001 1078 
1001 1281 
1001 1438 
1001 1635 
1001 1782 
1001 2232 
1001 2299 
1001 2347 
1001 2403 
1001 2451 
1001 2510 
1001 2511 
1001 2512 
1001 2513 
1001 2514 
1001 2515 
1001 2516 
1001 2517 
1001 2518 
1001 2519 
1001 2520 
1001 2521 
1001 2522 
1001 2523 
1001 2524 
1001 2525 
1001 2526 
1001 2527 
1001 2528 
1001 2529 
1001 2530 
1001 283 
1001 504 
1001 523 
1001 98 
1002 1057 
1002 2531 
1002 2532 
1002 2533 
1002 2534 
1003 1057 
1003 1731 
1003 472 
1003 959 
1003 967 
1003 969 
1004 1026 
1004 1057 
1004 1731 
1004 472 
1004 962 
1004 969 
1005 1057 
1005 138 
1005 1731 
1005 306 
1005 472 
1006 1026 
1006 1057 
1006 1731 
1007 1057 
1007 138 
1007 1731 
1007 2374 
1007 962 
1007 969 
1008 1011 
1008 1057 
1008 1731 
1008 1750 
1008 2374 
1008 306 
1008 472 
1008 93 
1008 959 
1008 962 
1008 969 
1009 1011 
1009 1057 
1009 1731 
1009 1750 
1009 959 
1009 969 
1009 988 
1010 1011 
1010 1026 
1010 1057 
1010 1731 
1010 1750 
1010 306 
1010 959 
1011 1057 
1011 1258 
1011 1745 
1011 2016 
1011 210 
1011 2342 
1011 2534 
1011 2535 
1011 2536 
1011 2537 
1011 2538 
1011 2539 
1011 2540 
1011 2541 
1011 2542 
1011 2543 
1011 978 
1012 1057 
1012 1993 
1012 2342 
1012 2544 
1012 2545 
1012 2546 
1012 2547 
1012 2548 
1012 2549 
1012 2550 
1012 978 
1013 1057 
1013 1203 
1013 1326 
1013 2237 
1013 2350 
1013 2370 
1013 2551 
1013 2552 
1013 2553 
1013 2554 
1013 2555 
1013 2556 
1013 740 
1014 1020 
1014 1026 
1014 1041 
1014 1057 
1014 472 
1014 49 
1014 93 
1014 959 
1014 962 
1014 963 
1014 987 
1014 988 
1015 1057 
1015 2205 
1015 2557 
1015 2558 
1016 1057 
1016 150 
1016 2490 
1016 2559 
1016 2560 
1016 2561 
1016 2562 
1016 2563 
1016 2564 
1016 2565 
1016 2566 
1017 1057 
1017 1139 
1017 2412 
1017 2416 
1017 2494 
1017 2567 
1017 2568 
1017 2569 
1018 1057 
1018 2564 
1018 2570 
1018 2571 
1019 1057 
1019 1389 
1019 1563 
1019 1773 
1019 2181 
1019 2197 
1019 2416 
1019 2572 
1019 2573 
1019 2574 
1019 2575 
1019 2576 
1019 2577 
1019 850 
1020 1057 
1020 1767 
1020 2181 
1020 2416 
1020 2578 
1020 2579 
1020 2580 
1020 2581 
1020 2582 
1020 306 
1020 400 
1020 850 
1021 1057 
1021 1773 
1021 2583 
1021 2584 
1021 2585 
1021 2586 
1021 850 
1022 1057 
1022 1097 
1022 1782 
1022 2349 
1022 2361 
1022 2367 
1022 2460 
1022 2461 
1022 2498 
1022 2518 
1022 2587 
1022 2588 
1022 2589 
1022 2590 
1022 2591 
1022 2592 
1022 2593 
1022 2594 
1022 2595 
1022 299 
1022 539 
1022 541 
1022 708 
1023 1057 
1023 1294 
1023 1782 
1023 2349 
1023 2361 
1023 2367 
1023 2460 
1023 2461 
1023 2587 
1023 2596 
1023 2597 
1023 2598 
1023 2599 
1023 2600 
1023 2601 
1023 2602 
1023 570 
1024 1057 
1024 1294 
1024 134 
1024 1782 
1024 2361 
1024 2460 
1024 2461 
1024 2506 
1024 2587 
1024 2591 
1024 2603 
1024 2604 
1024 2605 
1024 2606 
1024 2607 
1024 2608 
1025 1057 
1025 1139 
1025 1396 
1025 2000 
1025 2609 
1025 2610 
1025 2611 
1025 2612 
1026 1057 
1026 1766 
1026 1984 
1026 2016 
1026 2540 
1026 2613 
1026 2614 
1026 2615 
1026 2616 
1026 2617 
1026 2618 
1027 1057 
1027 1078 
1027 1773 
1027 2491 
1027 2545 
1027 2619 
1027 2620 
1027 2621 
1027 2622 
1027 2623 
1028 1057 
1028 1566 
1028 1659 
1028 2624 
1029 1057 
1029 2534 
1029 2625 
1029 2626 
1029 2627 
1029 2628 
1029 2629 
1029 2630 
1029 2631 
1029 2632 
1029 2633 
1029 2634 
1029 2635 
1030 1057 
1030 1269 
1030 1362 
1030 1563 
1030 2395 
1030 2636 
1030 2637 
1030 2638 
1030 2639 
1030 2640 
1030 2641 
1030 2642 
1030 400 
1030 859 
1031 101 
1031 1057 
1031 1365 
1031 1617 
1031 2643 
1031 2644 
1031 461 
1031 491 
1031 499 
1032 1057 
1032 1934 
1032 2000 
1032 2645 
1032 416 
1032 807 
1032 969 
1033 1057 
1033 138 
1033 2646 
1033 306 
1033 959 
1034 1020 
1034 1028 
1034 1057 
1034 138 
1034 1731 
1034 1750 
1034 2646 
1034 306 
1034 472 
1034 93 
1034 959 
1034 962 
1034 969 
1035 1057 
1035 1704 
1035 1731 
1035 2646 
1035 306 
1035 472 
1035 959 
1035 967 
1035 969 
1036 1011 
1036 1031 
1036 1057 
1036 1704 
1036 1731 
1036 1750 
1036 2344 
1036 2646 
1036 306 
1036 93 
1036 959 
1036 987 
1037 1026 
1037 1057 
1037 1063 
1037 138 
1037 1731 
1037 2139 
1037 2374 
1037 306 
1037 969 
1038 1011 
1038 1057 
1038 962 
1038 969 
1039 1011 
1039 1032 
1039 1057 
1039 138 
1039 306 
1039 969 
1040 1011 
1040 1057 
1040 138 
1040 1750 
1040 472 
1040 959 
1040 967 
1040 973 
1040 987 
1041 1011 
1041 1032 
1041 1057 
1041 1750 
1041 959 
1041 969 
1041 974 
1042 1057 
1042 1750 
1042 970 
1043 1057 
1043 1750 
1043 2375 
1043 306 
1043 967 
1043 969 
1044 1057 
1044 1877 
1044 1976 
1044 228 
1044 2512 
1044 2647 
1044 2648 
1044 2649 
1044 2650 
1044 2651 
1045 101 
1045 1057 
1045 1079 
1045 109 
1045 1257 
1045 1595 
1045 1865 
1045 2301 
1045 2652 
1045 2653 
1045 2654 
1045 2655 
1045 2656 
1045 2657 
1045 2658 
1045 2659 
1045 425 
1045 593 
1046 1057 
1046 2660 
1046 2661 
1046 2662 
1046 2663 
1046 2664 
1046 656 
1046 90 
1047 1057 
1047 1324 
1047 2204 
1047 2651 
1047 2665 
1047 2666 
1047 2667 
1047 2668 
1047 2669 
1048 1057 
1048 1133 
1048 1462 
1048 1593 
1048 2647 
1048 2670 
1048 2671 
1048 2672 
1048 2673 
1048 2674 
1048 2675 
1048 2676 
1048 2677 
1048 2678 
1048 2679 
1049 1057 
1049 1133 
1049 1593 
1049 2323 
1049 2680 
1049 2681 
1049 2682 
1049 2683 
1049 2684 
1049 2685 
1049 2686 
1049 2687 
1049 574 
1050 1057 
1050 1593 
1050 2688 
1050 2689 
1051 1057 
1051 1463 
1051 1720 
1051 2690 
1051 2691 
1051 2692 
1051 2693 
1051 2694 
1051 2695 
1051 2696 
1052 1046 
1052 1462 
1052 2316 
1052 2694 
1052 2697 
1052 2698 
1052 2699 
1052 2700 
1052 2701 
1052 2702 
1052 784 
1053 1061 
1054 1061 
1054 2703 
1055 1020 
1055 1023 
1055 960 
1055 967 
1055 988 
1055 989 
1056 93 
1057 1750 
1057 93 
1057 997 
1058 1483 
1058 1513 
1058 1667 
1058 2704 
1058 2705 
1058 400 
1058 965 
1059 386 
1060 2706 
1060 2707 
1060 2708 
1060 2709 
1060 2710 
1060 2711 
1060 2712 
1060 2713 
1060 386 
1061 1030 
1061 1045 
1061 1048 
1061 959 
1061 962 
1062 1021 
1062 1026 
1062 1030 
1062 1467 
1062 959 
1063 1016 
1063 1020 
1063 1030 
1063 963 
1063 974 
1064 1016 
1064 1021 
1064 1030 
1064 1060 
1064 1748 
1064 1877 
1064 816 
1064 93 
1064 959 
1064 963 
1064 974 
1064 989 
1065 1030 
1065 963 
1065 966 
1065 967 
1065 969 
1066 1020 
1066 1021 
1066 1023 
1066 1030 
1066 1060 
1066 963 
1066 973 
1066 975 
1066 988 
1067 1030 
1067 1032 
1067 962 
1067 963 
1067 988 
1068 1030 
1068 1467 
1068 1716 
1068 963 
1068 973 
1068 974 
1068 987 
1069 1030 
1069 466 
1069 964 
1069 966 
1069 967 
1069 969 
1069 971 
1070 1016 
1070 1026 
1070 1030 
1070 1060 
1071 1029 
1071 1030 
1071 1045 
1071 1467 
1071 1468 
1071 973 
1071 974 
1072 1030 
1072 960 
1072 967 
1072 968 
1072 971 
1072 973 
1073 1030 
1073 1035 
1073 1038 
1073 960 
1073 964 
1073 965 
1073 970 
1073 973 
1073 977 
1074 1005 
1074 1030 
1074 1031 
1074 1037 
1074 1043 
1074 963 
1074 967 
1074 971 
1074 988 
1075 1030 
1075 1043 
1075 49 
1075 988 
1076 1004 
1076 1030 
1076 228 
1076 782 
1077 1021 
1077 1025 
1077 1030 
1077 1032 
1077 1467 
1077 93 
1077 974 
1077 988 
1078 1025 
1078 1030 
1078 1045 
1078 1047 
1078 1467 
1078 1716 
1078 974 
1079 1030 
1079 1037 
1079 1469 
1079 960 
1079 969 
1080 1030 
1080 306 
1080 472 
1080 962 
1080 969 
1080 974 
1081 1016 
1081 1020 
1081 1021 
1081 1030 
1081 1034 
1081 1036 
1081 93 
1081 964 
1081 967 
1081 970 
1081 973 
1082 1030 
1082 138 
1082 782 
1082 967 
1082 968 
1082 970 
1082 972 
1082 973 
1083 1030 
1083 1060 
1083 1467 
1083 472 
1084 1019 
1084 1026 
1084 1030 
1084 306 
1084 49 
1084 782 
1084 93 
1084 975 
1084 988 
1085 1026 
1085 1030 
1085 1058 
1085 1730 
1085 49 
1085 959 
1086 1030 
1086 1630 
1086 25 
1086 2714 
1087 2715 
1088 2715 
1088 2716 
1088 2717 
1088 2718 
1089 2349 
1089 2562 
1089 2715 
1089 2719 
1089 2720 
1089 2721 
1089 2722 
1089 2723 
1090 123 
1090 2715 
1090 2719 
1090 2720 
1090 2724 
1090 2725 
1090 2726 
1090 2727 
1090 2728 
1090 2729 
1090 2730 
1090 2731 
1090 2732 
1090 2733 
1090 2734 
1090 2735 
1091 2349 
1091 2715 
1091 2719 
1091 2722 
1091 2734 
1091 2736 
1091 2737 
1091 2738 
1092 129 
1092 1301 
1092 1376 
1092 1543 
1092 2222 
1092 2715 
1092 2739 
1092 2740 
1092 2741 
1092 2742 
1092 2743 
1092 2744 
1092 2745 
1092 2746 
1092 427 
1092 491 
1092 599 
1093 1369 
1093 2121 
1093 2715 
1093 2747 
1093 2748 
1093 2749 
1093 2750 
1093 2751 
1093 2752 
1093 2753 
1093 2754 
1093 400 
1094 1122 
1094 139 
1094 1550 
1094 1595 
1094 1686 
1094 1946 
1094 1993 
1094 2007 
1094 2347 
1094 2399 
1094 243 
1094 2715 
1094 2720 
1094 2750 
1094 2755 
1094 2756 
1094 2757 
1094 2758 
1094 2759 
1094 2760 
1094 2761 
1094 2762 
1094 2763 
1094 2764 
1094 2765 
1094 2766 
1094 2767 
1094 2768 
1094 2769 
1094 2770 
1094 2771 
1094 2772 
1094 2773 
1094 2774 
1094 2775 
1094 2776 
1094 2777 
1094 2778 
1094 2779 
1094 2780 
1094 2781 
1094 2782 
1094 2783 
1094 2784 
1094 2785 
1094 2786 
1094 2787 
1094 2788 
1094 2789 
1094 2790 
1094 2791 
1094 2792 
1094 2793 
1094 2794 
1094 2795 
1094 2796 
1094 2797 
1094 2798 
1094 2799 
1094 2800 
1094 2801 
1094 2802 
1094 2803 
1094 2804 
1094 2805 
1094 2806 
1094 2807 
1094 2808 
1094 2809 
1094 2810 
1094 2811 
1094 316 
1094 431 
1094 483 
1094 615 
1094 736 
1094 807 
1095 2009 
1095 2084 
1095 2164 
1095 2301 
1095 243 
1095 2715 
1095 2755 
1095 2772 
1095 2785 
1095 2788 
1095 2792 
1095 2802 
1095 2804 
1095 2806 
1095 2812 
1095 2813 
1095 2814 
1095 2815 
1095 2816 
1095 2817 
1095 2818 
1095 2819 
1095 2820 
1095 2821 
1095 2822 
1095 2823 
1095 2824 
1095 2825 
1095 2826 
1095 2827 
1095 2828 
1095 2829 
1095 2830 
1095 2831 
1095 2832 
1095 2833 
1095 2834 
1095 2835 
1095 2836 
1095 2837 
1095 2838 
1095 2839 
1095 2840 
1095 2841 
1095 2842 
1095 2843 
1095 2844 
1095 2845 
1096 104 
1096 123 
1096 1785 
1096 1830 
1096 2169 
1096 2170 
1096 2233 
1096 2301 
1096 2314 
1096 2393 
1096 2715 
1096 2725 
1096 2755 
1096 2764 
1096 2802 
1096 2846 
1096 2847 
1096 2848 
1096 2849 
1096 2850 
1096 2851 
1096 2852 
1096 2853 
1096 2854 
1096 2855 
1096 2856 
1096 2857 
1096 2858 
1096 486 
1097 1227 
1097 149 
1097 1911 
1097 2715 
1097 2755 
1097 2793 
1097 2820 
1097 2854 
1097 2859 
1097 2860 
1097 2861 
1097 2862 
1097 2863 
1097 2864 
1097 2865 
1097 2866 
1097 2867 
1097 2868 
1097 2869 
1097 2870 
1097 2871 
1097 2872 
1097 484 
1097 800 
1097 807 
1098 2715 
1098 2720 
1098 2725 
1098 2755 
1098 2766 
1098 2785 
1098 2805 
1098 2873 
1098 2874 
1098 2875 
1098 2876 
1098 2877 
1098 2878 
1098 2879 
1099 1911 
1099 2491 
1099 2525 
1099 2715 
1099 2764 
1099 2849 
1099 2880 
1099 2881 
1099 2882 
1099 2883 
1100 2104 
1100 2393 
1100 261 
1100 2715 
1100 2782 
1100 2785 
1100 2790 
1100 2792 
1100 2840 
1100 2884 
1100 2885 
1100 2886 
1100 2887 
1100 2888 
1100 2889 
1100 2890 
1100 2891 
1100 2892 
1100 2893 
1100 2894 
1100 2895 
1100 2896 
1100 2897 
1100 2898 
1100 2899 
1100 2900 
1100 2901 
1100 2902 
1100 2903 
1100 2904 
1100 2905 
1100 2906 
1100 2907 
1100 2908 
1100 2909 
1100 2910 
1100 2911 
1100 2912 
1100 2913 
1100 2914 
1100 2915 
1100 2916 
1100 2917 
1100 2918 
1100 2919 
1100 2920 
1100 2921 
1100 2922 
1100 2923 
1100 2924 
1100 2925 
1100 2926 
1100 2927 
1100 2928 
1101 2715 
1101 2929 
1101 2930 
1101 2931 
1101 2932 
1101 2933 
1101 2934 
1101 2935 
1101 2936 
1101 2937 
1101 2938 
1101 2939 
1102 2715 
1102 2929 
1102 2932 
1102 2934 
1102 2940 
1102 2941 
1102 2942 
1102 2943 
1102 2944 
1103 2301 
1103 2715 
1103 2812 
1103 2945 
1103 2946 
1103 2947 
1103 2948 
1103 2949 
1103 2950 
1104 2715 
1104 2814 
1104 2951 
1104 2952 
1105 2715 
1105 2953 
1106 2009 
1106 2715 
1106 2785 
1106 2788 
1106 2812 
1106 2818 
1106 2819 
1106 2820 
1106 2836 
1106 2838 
1106 2840 
1106 2889 
1106 2908 
1106 2920 
1106 2943 
1106 2954 
1106 2955 
1106 2956 
1106 2957 
1106 2958 
1107 2715 
1107 2718 
1107 2959 
1107 2960 
1108 2715 
1108 2814 
1108 2961 
1108 2962 
1108 2963 
1108 2964 
1108 2965 
1108 2966 
1108 2967 
1108 2968 
1108 2969 
1108 2970 
1108 2971 
1109 2715 
1109 2972 
1110 2715 
1110 2973 
1110 2974 
1110 2975 
1110 2976 
1110 2977 
1110 2978 
1110 2979 
1110 2980 
1111 2715 
1111 2971 
1111 2981 
1111 2982 
1111 2983 
1111 2984 
1111 2985 
1111 2986 
1111 2987 
1111 2988 
1111 2989 
1111 2990 
1111 2991 
1111 2992 
1111 2993 
1111 2994 
1111 2995 
1111 2996 
1111 2997 
1111 2998 
1111 2999 
1111 3000 
1111 3001 
1111 3002 
1111 3003 
1111 3004 
1111 3005 
1111 3006 
1111 3007 
1111 3008 
1111 3009 
1111 3010 
1111 3011 
1111 3012 
1111 3013 
1111 3014 
1111 3015 
1111 3016 
1111 3017 
1111 3018 
1111 3019 
1111 3020 
1111 3021 
1111 3022 
1111 3023 
1111 3024 
1111 3025 
1111 365 
1112 2715 
1112 3026 
1112 3027 
1112 3028 
1112 3029 
1112 3030 
1112 3031 
1112 3032 
1112 3033 
1112 3034 
1112 3035 
1112 3036 
1112 3037 
1112 3038 
1112 3039 
1112 3040 
1112 3041 
1112 3042 
1112 3043 
1112 3044 
1112 665 
1113 2715 
1113 3044 
1113 3045 
1113 3046 
1113 3047 
1113 3048 
1113 3049 
1113 3050 
1113 3051 
1113 3052 
1113 3053 
1113 3054 
1113 3055 
1113 3056 
1113 3057 
1113 3058 
1113 3059 
1113 3060 
1113 3061 
1113 655 
1114 2715 
1114 2938 
1114 2939 
1114 3062 
1114 3063 
1114 3064 
1114 3065 
1114 3066 
1114 3067 
1114 3068 
1114 3069 
1114 3070 
1114 3071 
1114 3072 
1114 3073 
1114 3074 
1114 3075 
1114 3076 
1114 3077 
1114 3078 
1114 3079 
1114 3080 
1114 3081 
1114 319 
1115 2715 
1115 3082 
1116 2715 
1116 3083 
1116 3084 
1116 3085 
1116 3086 
1116 3087 
1116 3088 
1116 3089 
1116 3090 
1116 3091 
1116 714 
1117 1025 
1117 1037 
1117 960 
1117 964 
1117 966 
1117 967 
1117 968 
1117 971 
1117 973 
1118 1024 
1118 1025 
1118 1026 
1118 1033 
1118 472 
1118 49 
1118 93 
1118 962 
1119 1025 
1119 1200 
1119 2003 
1119 3092 
1119 3093 
1120 3094 
1121 3094 
1121 383 
1122 3095 
1123 1002 
1123 3096 
1123 3097 
1123 3098 
1123 999 
1124 3096 
1124 3099 
1124 3100 
1125 3096 
1125 3099 
1125 999 
1126 3096 
1126 3101 
1126 3102 
1126 3103 
1126 3104 
1126 3105 
1126 3106 
1126 3107 
1126 3108 
1126 3109 
1126 3110 
1126 3111 
1126 3112 
1126 3113 
1127 2709 
1127 3096 
1127 3114 
1127 3115 
1127 3116 
1127 3117 
1127 3118 
1127 3119 
1127 3120 
1127 3121 
1127 3122 
1127 3123 
1127 3124 
1127 3125 
1127 3126 
1128 3096 
1128 3127 
1128 387 
1129 2713 
1129 3096 
1129 3108 
1129 3112 
1129 3115 
1129 3128 
1129 3129 
1129 3130 
1129 3131 
1129 3132 
1129 392 
1130 3096 
1130 3133 
1130 3134 
1130 3135 
1130 3136 
1130 3137 
1130 3138 
1131 3096 
1131 3107 
1131 3108 
1131 3139 
1131 3140 
1131 3141 
1131 3142 
1131 3143 
1131 3144 
1131 3145 
1131 3146 
1131 3147 
1131 3148 
1132 3096 
1132 3102 
1132 3126 
1132 3139 
1132 3149 
1132 3150 
1132 3151 
1132 3152 
1132 3153 
1132 3154 
1132 3155 
1133 1002 
1133 3096 
1133 3156 
1133 999 
1134 3096 
1134 3157 
1134 3158 
1135 3096 
1135 3159 
1135 3160 
1135 3161 
1136 3096 
1136 3106 
1136 3107 
1136 3131 
1136 3162 
1136 3163 
1136 3164 
1136 3165 
1136 3166 
1136 3167 
1136 3168 
1136 3169 
1136 3170 
1136 3171 
1136 3172 
1136 3173 
1136 3174 
1137 1037 
1138 1037 
1138 1077 
1138 1090 
1138 1205 
1138 1547 
1138 18 
1138 2024 
1138 2086 
1138 2870 
1138 3175 
1138 3176 
1138 3177 
1138 416 
1138 593 
1138 6 
1138 986 
1139 1037 
1139 1133 
1139 1232 
1139 1343 
1139 1551 
1139 2186 
1139 3178 
1140 1037 
1140 13 
1140 3179 
1140 3180 
1140 3181 
1140 3182 
1140 3183 
1140 3184 
1140 501 
1141 1037 
1141 960 
1141 965 
1142 1037 
1142 965 
1142 967 
1142 968 
1143 1037 
1143 3185 
1143 3186 
1143 3187 
1143 3188 
1143 3189 
1144 1023 
1144 1037 
1144 967 
1144 968 
1144 970 
1144 973 
1145 1037 
1145 967 
1145 968 
1145 973 
1146 1037 
1146 962 
1147 1037 
1147 1933 
1147 2627 
1147 3190 
1147 3191 
1147 3192 
1147 3193 
1147 828 
1148 1037 
1148 1626 
1148 2086 
1148 3194 
1148 3195 
1148 3196 
1148 3197 
1148 3198 
1148 503 
1148 834 
1148 885 
1149 101 
1149 1037 
1149 1494 
1149 1585 
1149 2000 
1149 2305 
1149 3199 
1149 3200 
1149 50 
1149 859 
1149 874 
1150 1037 
1150 1150 
1150 129 
1150 1438 
1150 1995 
1150 2658 
1150 3201 
1150 3202 
1150 462 
1151 1037 
1151 1107 
1151 1332 
1151 1962 
1151 1973 
1151 2146 
1151 2214 
1151 2222 
1151 2290 
1151 3203 
1151 3204 
1151 3205 
1151 812 
1151 988 
1152 1025 
1152 1037 
1152 1041 
1152 1393 
1152 1877 
1152 1976 
1152 2471 
1152 2577 
1152 2617 
1152 2692 
1152 3192 
1152 3206 
1153 1037 
1153 1243 
1153 1301 
1153 1321 
1153 1911 
1153 3207 
1153 806 
1153 919 
1154 1037 
1154 1622 
1154 1641 
1154 2649 
1154 3207 
1154 3208 
1154 3209 
1154 3210 
1155 1037 
1155 1077 
1155 1301 
1155 1324 
1155 1581 
1155 3207 
1155 3211 
1155 3212 
1155 427 
1156 1037 
1156 1100 
1156 3213 
1156 904 
1157 1037 
1157 1052 
1157 1094 
1157 1223 
1157 14 
1157 1919 
1157 2146 
1157 3214 
1157 3215 
1157 904 
1158 1037 
1158 1947 
1158 2061 
1158 2744 
1158 3216 
1158 3217 
1158 3218 
1158 522 
1158 904 
1159 1037 
1159 1387 
1159 1454 
1159 1637 
1159 3219 
1159 3220 
1159 3221 
1159 3222 
1159 3223 
1159 3224 
1159 3225 
1159 3226 
1159 3227 
1159 807 
1160 1037 
1160 1385 
1160 1436 
1160 1454 
1160 3215 
1160 3219 
1160 3220 
1160 3228 
1160 3229 
1160 3230 
1160 3231 
1161 1037 
1161 1704 
1161 962 
1162 1037 
1162 1126 
1162 1222 
1162 1292 
1162 1376 
1162 1533 
1162 1983 
1162 3211 
1162 3232 
1162 3233 
1162 414 
1162 531 
1162 575 
1163 1037 
1163 1040 
1163 1143 
1163 1150 
1163 1359 
1163 2009 
1163 2273 
1163 255 
1163 3181 
1163 3234 
1163 3235 
1163 3236 
1164 472 
1164 93 
1164 962 
1164 988 
1165 1026 
1165 472 
1165 988 
1166 3237 
1166 3238 
1166 3239 
1166 3240 
1166 3241 
1167 3237 
1167 3242 
1167 3243 
1168 3237 
1168 3244 
1168 3245 
1168 3246 
1168 3247 
1168 3248 
1168 3249 
1168 3250 
1168 3251 
1169 1500 
1169 3252 
1169 3253 
1169 3254 
1169 3255 
1169 3256 
1169 3257 
1170 3254 
1170 3258 
1170 3259 
1170 3260 
1171 969 
1172 11 
1172 1622 
1172 1677 
1172 2273 
1172 251 
1172 3261 
1172 3262 
1172 3263 
1172 3264 
1172 3265 
1172 3266 
1172 3267 
1172 3268 
1172 969 
1173 112 
1173 115 
1173 2273 
1173 3269 
1173 3270 
1173 3271 
1173 3272 
1173 3273 
1173 3274 
1173 330 
1173 969 
1174 2649 
1174 3208 
1174 3275 
1174 3276 
1174 3277 
1174 969 
1175 1214 
1175 2131 
1175 3278 
1175 52 
1175 70 
1175 969 
1176 1926 
1176 3279 
1176 52 
1176 53 
1176 88 
1176 969 
1177 1248 
1177 2262 
1177 3280 
1177 3281 
1177 3282 
1177 3283 
1177 52 
1177 6 
1177 969 
1178 127 
1178 1580 
1178 1995 
1178 2112 
1178 3284 
1178 3285 
1178 3286 
1178 3287 
1178 3288 
1178 871 
1178 969 
1179 206 
1179 791 
1179 969 
1180 1377 
1180 3289 
1180 969 
1181 1377 
1181 1911 
1181 3203 
1181 3290 
1181 3291 
1181 3292 
1181 791 
1181 792 
1181 969 
1182 1377 
1182 3293 
1182 3294 
1182 3295 
1182 3296 
1182 969 
1183 1377 
1183 3288 
1183 3293 
1183 3297 
1183 3298 
1183 969 
1184 11 
1184 1347 
1184 1365 
1184 267 
1184 969 
1185 1194 
1185 1590 
1185 1947 
1185 3299 
1185 3300 
1185 3301 
1185 3302 
1185 3303 
1185 3304 
1185 3305 
1185 3306 
1185 3307 
1185 3308 
1185 3309 
1185 3310 
1185 969 
1186 1590 
1186 3306 
1186 3311 
1186 3312 
1186 3313 
1186 3314 
1186 969 
1187 2001 
1187 2262 
1187 3280 
1187 3306 
1187 3315 
1187 3316 
1187 3317 
1187 3318 
1187 3319 
1187 575 
1187 969 
1188 1962 
1188 222 
1188 3320 
1188 3321 
1188 3322 
1188 3323 
1188 439 
1188 598 
1188 969 
1189 1609 
1189 1662 
1189 2316 
1189 3324 
1189 3325 
1189 3326 
1189 3327 
1189 3328 
1189 3329 
1189 3330 
1189 871 
1189 969 
1190 1960 
1190 3331 
1190 3332 
1190 3333 
1190 969 
1191 1087 
1191 1204 
1191 1291 
1191 1363 
1191 1639 
1191 1967 
1191 3334 
1191 3335 
1191 821 
1191 880 
1191 969 
1192 1011 
1192 1031 
1192 138 
1192 1926 
1192 466 
1192 50 
1192 51 
1192 88 
1192 959 
1192 962 
1192 969 
1193 1617 
1193 2293 
1193 2644 
1193 3336 
1193 3337 
1193 3338 
1193 408 
1193 969 
1194 1580 
1194 3181 
1194 3280 
1194 3283 
1194 3315 
1194 3339 
1194 3340 
1194 3341 
1194 969 
1195 1244 
1195 2271 
1195 969 
1196 1123 
1196 1280 
1196 1329 
1196 1566 
1196 1589 
1196 3342 
1196 3343 
1196 598 
1196 969 
1197 1979 
1197 3344 
1197 3345 
1197 969 
1198 1194 
1198 1214 
1198 1665 
1198 1783 
1198 3312 
1198 3345 
1198 3346 
1198 3347 
1198 3348 
1198 3349 
1198 503 
1198 596 
1198 860 
1198 969 
1199 285 
1199 3338 
1199 3349 
1199 3350 
1199 3351 
1199 857 
1199 969 
1200 12 
1200 1639 
1200 2672 
1200 2695 
1200 2772 
1200 3352 
1200 3353 
1200 3354 
1200 3355 
1200 3356 
1200 3357 
1200 969 
1201 1714 
1201 2024 
1201 3219 
1201 969 
1202 1011 
1202 3358 
1202 3359 
1202 3360 
1202 51 
1202 969 
1203 1731 
1204 1731 
1204 1936 
1204 3361 
1204 3362 
1204 3363 
1204 3364 
1204 985 
1205 1262 
1205 1649 
1205 1731 
1205 2171 
1205 2192 
1205 285 
1205 3281 
1205 3365 
1205 3366 
1206 13 
1206 1381 
1206 1731 
1206 2305 
1206 3367 
1206 3368 
1206 3369 
1206 3370 
1206 3371 
1207 1556 
1207 1731 
1207 2208 
1207 3227 
1207 3372 
1207 3373 
1207 3374 
1207 66 
1207 815 
1208 1125 
1208 1731 
1208 3184 
1208 3372 
1208 3375 
1208 3376 
1208 434 
1208 911 
1209 1095 
1209 119 
1209 1225 
1209 1438 
1209 1731 
1209 3372 
1210 1381 
1210 1496 
1210 1731 
1210 226 
1210 3367 
1210 3369 
1210 3377 
1210 3378 
1210 3379 
1210 598 
1211 11 
1211 1305 
1211 1731 
1211 3294 
1211 3305 
1211 3369 
1211 3378 
1211 3380 
1212 1076 
1212 1079 
1212 1313 
1212 1731 
1212 1784 
1212 306 
1212 3199 
1212 3381 
1212 3382 
1212 3383 
1212 3384 
1212 3385 
1212 3386 
1212 567 
1212 775 
1213 1100 
1213 115 
1213 1313 
1213 1373 
1213 1731 
1213 1784 
1213 203 
1213 3381 
1213 3387 
1213 3388 
1213 3389 
1213 3390 
1213 3391 
1213 3392 
1213 3393 
1213 3394 
1213 775 
1213 841 
1213 867 
1213 872 
1214 1172 
1214 1307 
1214 1731 
1214 3351 
1214 3388 
1215 1052 
1215 1235 
1215 1731 
1215 3375 
1215 3395 
1215 3396 
1215 491 
1216 138 
1216 1731 
1216 93 
1216 959 
1216 962 
1216 963 
1216 969 
1217 138 
1217 1731 
1217 2374 
1217 306 
1217 959 
1217 962 
1217 963 
1217 969 
1217 974 
1218 1731 
1218 2391 
1218 3397 
1218 3398 
1219 1649 
1219 1731 
1219 2327 
1219 3373 
1219 886 
1219 94 
1220 126 
1220 1731 
1220 2038 
1220 2122 
1220 2442 
1220 2624 
1220 291 
1220 3262 
1220 3399 
1220 3400 
1220 3401 
1220 3402 
1220 3403 
1220 3404 
1220 3405 
1220 3406 
1220 3407 
1220 3408 
1220 3409 
1220 3410 
1220 3411 
1220 775 
1221 1043 
1221 1731 
1221 93 
1221 971 
1221 974 
1221 987 
1222 1731 
1222 285 
1222 3409 
1222 3412 
1222 3413 
1222 3414 
1222 3415 
1222 3416 
1222 3417 
1222 801 
1223 1731 
1223 2323 
1223 3418 
1223 3419 
1223 3420 
1223 3421 
1223 3422 
1223 3423 
1223 3424 
1224 1731 
1224 3378 
1224 3425 
1224 3426 
1225 115 
1225 1329 
1225 1731 
1225 1973 
1225 222 
1225 3413 
1225 3417 
1225 3427 
1225 3428 
1225 3429 
1225 3430 
1225 3431 
1225 3432 
1225 3433 
1225 3434 
1226 1031 
1226 138 
1226 1731 
1226 2139 
1226 306 
1226 472 
1226 962 
1226 969 
1227 1031 
1227 1716 
1227 1731 
1227 962 
1227 997 
1228 1731 
1228 2583 
1228 285 
1228 3342 
1228 3375 
1228 3435 
1228 49 
1229 1731 
1229 3305 
1229 3436 
1230 1622 
1230 1731 
1230 3411 
1230 3414 
1230 3417 
1230 3431 
1230 3432 
1230 3434 
1230 3437 
1230 3438 
1230 3439 
1230 3440 
1230 3441 
1231 1381 
1231 1731 
1231 3442 
1231 3443 
1231 3444 
1231 3445 
1231 3446 
1231 813 
1232 1154 
1232 1308 
1232 1327 
1232 1731 
1232 1785 
1232 2396 
1232 2602 
1232 3408 
1232 3447 
1232 3448 
1232 3449 
1232 3450 
1232 3451 
1232 3452 
1232 3453 
1232 3454 
1232 3455 
1232 3456 
1232 3457 
1232 3458 
1232 3459 
1232 3460 
1232 3461 
1232 507 
1233 1030 
1233 1731 
1233 472 
1233 962 
1233 974 
1233 988 
1234 1731 
1234 472 
1234 962 
1234 969 
1235 1026 
1235 1731 
1235 472 
1236 1328 
1236 1329 
1236 1731 
1236 3414 
1236 3415 
1236 3416 
1236 3439 
1236 3441 
1236 3462 
1237 1131 
1237 1731 
1237 2323 
1237 251 
1237 3463 
1237 3464 
1237 3465 
1237 3466 
1237 3467 
1237 3468 
1237 516 
1238 1381 
1238 1658 
1238 1731 
1238 3367 
1238 3378 
1238 821 
1238 969 
1239 1731 
1239 2535 
1239 3469 
1239 3470 
1239 3471 
1239 3472 
1239 3473 
1239 3474 
1239 3475 
1239 3476 
1239 3477 
1239 3478 
1240 1335 
1240 1731 
1240 3369 
1240 3436 
1241 1338 
1241 1731 
1241 1931 
1241 2602 
1241 3479 
1241 3480 
1241 3481 
1241 3482 
1241 3483 
1241 431 
1242 1731 
1242 962 
1243 1381 
1243 15 
1243 1731 
1243 2305 
1243 3349 
1243 3369 
1243 3370 
1243 3484 
1243 3485 
1243 773 
1243 918 
1244 1078 
1244 1496 
1244 1731 
1244 203 
1244 2851 
1244 3372 
1244 3486 
1244 3487 
1244 3488 
1244 3489 
1245 1266 
1245 1731 
1245 203 
1245 3490 
1245 3491 
1245 3492 
1246 1731 
1246 203 
1246 2038 
1246 3368 
1246 3493 
1246 3494 
1246 3495 
1246 3496 
1247 1731 
1247 203 
1247 3497 
1248 1381 
1248 1626 
1248 1731 
1248 2191 
1248 226 
1248 3361 
1248 3498 
1248 3499 
1248 3500 
1248 3501 
1248 3502 
1248 909 
1249 1731 
1249 226 
1249 309 
1249 3503 
1249 905 
1250 1233 
1250 1635 
1250 1731 
1250 1938 
1250 3204 
1250 3368 
1250 3378 
1250 3504 
1251 1211 
1251 1731 
1251 2534 
1251 3475 
1251 3505 
1251 3506 
1251 3507 
1251 3508 
1251 3509 
1251 801 
1252 1179 
1252 1182 
1252 1731 
1252 2295 
1252 3342 
1252 3510 
1252 856 
1253 110 
1253 1731 
1253 2169 
1253 2336 
1253 3511 
1253 3512 
1253 3513 
1253 3514 
1253 3515 
1253 3516 
1253 3517 
1253 506 
1253 581 
1253 678 
1254 1026 
1254 1731 
1255 1731 
1255 2004 
1255 3446 
1255 3518 
1255 3519 
1255 3520 
1255 3521 
1255 3522 
1255 3523 
1255 590 
1256 1731 
1256 2305 
1256 3369 
1256 3371 
1256 3436 
1256 3524 
1257 1285 
1257 1731 
1257 3369 
1257 3378 
1257 3380 
1257 3518 
1257 3525 
1257 3526 
1257 3527 
1257 3528 
1258 1381 
1258 1731 
1258 2305 
1258 3369 
1258 3529 
1258 815 
1258 875 
1259 1256 
1259 15 
1259 1607 
1259 1731 
1259 3369 
1259 3518 
1259 3529 
1259 3530 
1259 790 
1260 1731 
1260 2338 
1260 3493 
1260 3531 
1260 3532 
1260 3533 
1260 3534 
1260 3535 
1260 3536 
1260 3537 
1260 3538 
1260 969 
1261 108 
1261 131 
1261 1368 
1261 1713 
1261 1731 
1261 2338 
1261 3315 
1261 3386 
1261 3485 
1261 3493 
1261 3531 
1261 3539 
1261 3540 
1261 3541 
1261 3542 
1261 3543 
1261 3544 
1261 3545 
1261 3546 
1261 3547 
1261 3548 
1261 3549 
1261 3550 
1261 3551 
1261 470 
1261 841 
1261 886 
1262 138 
1262 1731 
1262 962 
1262 969 
1263 1268 
1263 1731 
1263 3414 
1263 3416 
1263 3428 
1263 3434 
1263 3438 
1263 3441 
1263 3552 
1263 3553 
1263 3554 
1263 3555 
1263 551 
1263 775 
1264 1130 
1264 1363 
1264 1731 
1264 309 
1264 3365 
1264 3375 
1265 1265 
1265 1635 
1265 1731 
1265 3378 
1266 1233 
1266 1635 
1266 1731 
1266 3504 
1267 1079 
1267 1381 
1267 1731 
1267 2195 
1267 3203 
1267 865 
1267 978 
1268 1244 
1268 1731 
1268 222 
1268 2851 
1268 3556 
1268 3557 
1268 3558 
1268 3559 
1268 3560 
1268 775 
1269 1731 
1269 3378 
1269 3530 
1269 3561 
1270 1381 
1270 1731 
1270 3233 
1270 3369 
1270 3562 
1270 412 
1270 440 
1270 472 
1270 865 
1271 1731 
1271 1997 
1271 3369 
1271 412 
1272 1313 
1272 1731 
1272 2768 
1272 280 
1272 3203 
1272 3388 
1272 3389 
1272 3393 
1272 3394 
1272 3563 
1272 3564 
1272 3565 
1272 3566 
1272 3567 
1272 3568 
1272 3569 
1272 3570 
1272 3571 
1272 3572 
1272 3573 
1272 550 
1273 1328 
1273 1731 
1273 3411 
1273 3414 
1273 3429 
1273 3431 
1273 3439 
1273 3441 
1273 3574 
1273 3575 
1274 116 
1274 1262 
1274 1536 
1274 1731 
1274 3384 
1274 3386 
1274 3576 
1274 472 
1274 599 
1275 1305 
1275 1731 
1275 3378 
1275 3561 
1276 1226 
1276 1731 
1276 3378 
1276 3561 
1277 1731 
1277 3368 
1277 3378 
1277 3508 
1277 3561 
1278 1731 
1278 1784 
1278 1992 
1278 2262 
1278 3575 
1278 3577 
1278 812 
1278 909 
1279 1256 
1279 1381 
1279 1639 
1279 1731 
1279 2305 
1279 3369 
1280 1273 
1280 1381 
1280 1731 
1280 3367 
1280 3578 
1281 1731 
1281 201 
1281 3265 
1281 3369 
1281 3378 
1281 3436 
1281 3518 
1282 1731 
1282 2295 
1282 3378 
1282 3493 
1282 3518 
1282 3529 
1282 3561 
1282 3579 
1283 1731 
1283 2312 
1283 3471 
1283 3478 
1283 3580 
1284 115 
1284 1339 
1284 1731 
1284 222 
1284 2851 
1284 3232 
1284 3489 
1284 3581 
1284 3582 
1284 3583 
1284 3584 
1284 3585 
1284 3586 
1284 69 
1284 881 
1284 905 
1285 1131 
1285 1731 
1285 1783 
1285 1938 
1285 2803 
1285 3375 
1285 3587 
1285 828 
1286 11 
1286 1731 
1286 1910 
1286 3365 
1286 3396 
1286 3588 
1286 3589 
1287 1011 
1287 1026 
1287 1731 
1288 1037 
1288 1731 
1288 1750 
1288 988 
1289 1731 
1289 1750 
1289 472 
1290 107 
1290 11 
1290 1583 
1290 1731 
1290 1963 
1290 2084 
1290 285 
1290 3234 
1290 3590 
1290 3591 
1290 3592 
1291 1731 
1291 3368 
1291 3378 
1291 3561 
1291 3593 
1292 1305 
1292 1731 
1292 3378 
1292 3594 
1293 1731 
1293 3378 
1293 3561 
1293 3594 
1294 1386 
1294 1731 
1294 893 
1294 90 
1294 905 
1295 1119 
1295 1731 
1295 2020 
1295 3595 
1295 3596 
1295 466 
1295 818 
1295 878 
1296 1381 
1296 1731 
1296 1781 
1296 3597 
1296 415 
1297 137 
1297 1373 
1297 1587 
1297 1731 
1297 3365 
1297 3396 
1297 3598 
1297 3599 
1297 3600 
1297 415 
1298 1623 
1298 1731 
1298 3601 
1298 3602 
1298 789 
1299 1731 
1299 407 
1300 1106 
1300 1381 
1300 1397 
1300 1454 
1300 1552 
1300 1731 
1300 2273 
1300 3370 
1300 3443 
1300 3603 
1300 834 
1300 971 
1301 1004 
1301 1037 
1301 1038 
1301 959 
1301 964 
1302 1038 
1302 964 
1302 966 
1302 973 
1303 1004 
1303 1038 
1303 964 
1303 966 
1303 970 
1303 973 
1304 1038 
1304 49 
1304 965 
1304 970 
1304 973 
1304 977 
1305 1004 
1305 1038 
1305 49 
1305 966 
1305 969 
1305 970 
1305 973 
1306 1005 
1306 1038 
1306 970 
1307 1037 
1307 1038 
1307 966 
1307 969 
1308 1037 
1308 1038 
1308 967 
1308 968 
1308 970 
1308 971 
1308 973 
1309 1019 
1309 1020 
1309 1038 
1309 782 
1309 975 
1310 1019 
1310 1038 
1310 1039 
1310 49 
1311 1037 
1311 1038 
1311 1039 
1311 1479 
1311 1835 
1311 964 
1311 965 
1311 967 
1311 968 
1311 970 
1311 972 
1311 973 
1311 976 
1312 972 
1313 1340 
1313 1373 
1313 1783 
1313 2215 
1313 2270 
1313 972 
1314 12 
1314 1538 
1314 157 
1314 2179 
1314 2549 
1314 3604 
1314 3605 
1314 3606 
1314 808 
1314 901 
1314 972 
1315 968 
1316 3607 
1316 3608 
1316 3609 
1316 3610 
1316 383 
1317 204 
1318 204 
1318 898 
1319 1150 
1319 204 
1319 3611 
1319 3612 
1319 984 
1320 1037 
1320 204 
1320 49 
1320 964 
1320 967 
1320 968 
1320 977 
1321 1016 
1321 1730 
1321 204 
1322 1024 
1322 204 
1322 964 
1322 965 
1322 966 
1322 970 
1322 973 
1322 976 
1323 204 
1323 3373 
1323 3613 
1323 3614 
1324 1004 
1324 1020 
1324 1028 
1324 1031 
1324 204 
1324 205 
1324 972 
1325 1035 
1325 1037 
1325 204 
1325 205 
1325 782 
1325 960 
1325 967 
1325 968 
1325 973 
1326 1016 
1326 1020 
1326 1034 
1326 204 
1326 205 
1326 959 
1326 967 
1326 988 
1327 1027 
1327 1028 
1327 138 
1327 204 
1327 93 
1327 959 
1327 962 
1327 988 
1328 1027 
1328 1029 
1328 204 
1328 472 
1328 49 
1328 816 
1328 93 
1328 959 
1328 988 
1329 1004 
1329 1024 
1329 1027 
1329 1031 
1329 1037 
1329 1039 
1329 204 
1329 49 
1329 93 
1329 988 
1330 1027 
1330 204 
1330 49 
1330 974 
1330 988 
1331 1026 
1331 1027 
1331 1030 
1331 1032 
1331 1060 
1331 1063 
1331 1716 
1331 204 
1331 239 
1331 3615 
1331 472 
1331 963 
1331 988 
1331 996 
1332 1020 
1332 1026 
1332 1027 
1332 1031 
1332 204 
1332 3616 
1332 49 
1333 1026 
1333 1028 
1333 1045 
1333 138 
1333 204 
1333 472 
1333 93 
1333 959 
1333 967 
1333 987 
1334 1021 
1334 1028 
1334 204 
1334 963 
1334 967 
1334 968 
1334 973 
1334 987 
1335 1004 
1335 1028 
1335 1031 
1335 1467 
1335 1716 
1335 204 
1335 472 
1335 962 
1335 989 
1336 1024 
1336 1025 
1336 1028 
1336 1030 
1336 1031 
1336 1032 
1336 1043 
1336 1047 
1336 1467 
1336 1468 
1336 1716 
1336 204 
1336 472 
1336 959 
1336 974 
1337 1021 
1337 1026 
1337 1028 
1337 1030 
1337 1031 
1337 1467 
1337 1729 
1337 204 
1337 49 
1337 93 
1337 975 
1338 1026 
1338 1028 
1338 1030 
1338 204 
1338 967 
1338 971 
1338 988 
1339 1026 
1339 1028 
1339 1060 
1339 1259 
1339 204 
1339 3616 
1339 3617 
1339 3618 
1339 816 
1339 93 
1339 963 
1339 970 
1339 975 
1340 1028 
1340 1045 
1340 138 
1340 204 
1340 306 
1340 967 
1340 988 
1341 1026 
1341 1028 
1341 138 
1341 1748 
1341 204 
1341 472 
1341 49 
1341 967 
1341 972 
1341 988 
1342 1036 
1342 204 
1342 782 
1343 1036 
1343 1060 
1343 204 
1343 3619 
1343 962 
1344 1008 
1344 204 
1344 960 
1344 967 
1344 968 
1344 973 
1344 988 
1345 1004 
1345 1031 
1345 1043 
1345 1060 
1345 204 
1345 2374 
1345 93 
1345 962 
1345 988 
1346 1020 
1346 1039 
1346 204 
1346 49 
1346 93 
1346 967 
1347 1030 
1347 1057 
1347 138 
1347 204 
1347 466 
1347 472 
1347 49 
1347 93 
1347 959 
1347 961 
1347 962 
1348 1016 
1348 1020 
1348 1021 
1348 1024 
1348 1025 
1348 1026 
1348 1030 
1348 1031 
1348 1032 
1348 1060 
1348 1467 
1348 1468 
1348 1716 
1348 204 
1348 306 
1348 3620 
1348 472 
1348 49 
1348 962 
1348 963 
1348 974 
1348 989 
1349 1020 
1349 1025 
1349 1030 
1349 1032 
1349 1063 
1349 1467 
1349 1468 
1349 1716