100 100
0 0
0 5
0 31
0 36
0 57
0 82
0 98
1 15
1 29
1 53
1 54
2 4
2 19
2 35
2 40
2 49
2 61
2 71
2 75
2 86
2 91
2 97
3 37
3 42
3 66
3 76
3 85
4 25
4 30
4 64
4 93
4 96
4 98
5 4
5 9
5 10
5 21
5 24
5 56
5 75
5 83
5 93
6 0
6 53
6 72
6 75
6 99
7 31
7 32
7 46
7 60
7 62
7 87
8 15
8 31
8 51
8 58
9 6
9 10
9 14
9 25
9 29
9 43
9 66
9 78
10 1
10 15
10 22
10 49
10 53
10 55
10 68
10 80
10 86
11 13
11 21
11 30
11 39
11 49
11 59
11 67
12 17
12 18
12 21
12 24
12 28
12 30
12 61
12 66
12 76
12 83
13 5
13 9
13 12
13 22
13 34
13 50
13 51
13 53
13 65
13 76
13 88
14 13
14 24
14 40
14 42
14 49
14 52
15 2
15 13
15 14
15 16
15 30
15 42
15 73
15 82
16 1
16 18
16 31
16 39
16 54
16 55
16 71
17 20
17 23
17 29
17 36
17 39
17 41
17 42
17 71
17 93
18 3
18 21
18 22
18 40
18 46
18 65
18 71
18 75
18 80
18 87
19 1
19 8
19 9
19 22
19 34
19 38
19 49
19 56
20 30
20 35
20 38
20 69
20 75
20 93
20 99
21 6
21 7
21 13
21 50
21 68
21 71
21 84
21 92
22 2
22 14
22 41
22 51
22 54
22 67
22 85
22 88
22 95
22 96
23 3
23 47
23 58
23 67
23 78
23 90
24 5
24 7
24 27
24 32
24 58
24 65
24 96
25 13
25 14
25 31
25 55
25 68
25 69
25 72
25 76
25 84
25 86
25 97
26 17
26 26
26 37
26 43
26 59
26 61
26 94
27 8
27 23
27 42
27 84
27 92
28 6
28 28
28 31
28 35
28 37
28 44
28 53
28 88
28 89
28 93
29 1
29 46
29 56
29 68
29 69
29 71
29 75
29 78
29 79
29 92
29 94
29 97
30 1
30 20
30 28
30 38
30 51
30 53
30 66
30 84
30 94
30 97
31 0
31 4
31 10
31 20
31 32
31 69
31 71
31 83
31 90
31 96
32 3
32 8
32 35
32 39
32 90
33 1
33 10
33 14
33 18
33 29
33 31
34 0
34 9
34 19
34 29
34 31
34 41
34 45
34 52
34 63
34 70
35 8
35 18
35 24
35 48
35 50
35 62
35 65
35 69
35 78
35 80
35 82
35 85
35 91
36 34
36 41
36 46
36 66
37 0
37 15
37 22
37 38
37 42
37 45
37 79
37 87
37 91
38 6
38 20
38 39
38 41
38 58
38 79
39 10
39 13
39 40
39 76
39 87
39 91
40 9
40 20
40 33
40 39
40 58
40 69
40 84
41 4
41 21
41 38
41 60
41 70
41 78
41 79
41 83
41 96
41 97
42 15
42 20
42 31
42 57
42 85
42 95
43 26
43 27
43 30
43 33
43 53
43 65
43 79
44 40
44 63
44 64
44 76
44 92
44 96
45 0
45 5
45 32
45 56
45 67
45 85
45 90
45 93
46 9
46 14
46 21
46 24
46 26
46 29
46 37
46 64
46 82
46 89
47 16
47 18
47 21
47 26
47 54
47 62
47 63
47 79
48 1
48 5
48 17
48 26
48 53
48 62
48 97
49 2
49 3
49 5
49 18
49 20
49 38
49 39
49 50
49 87
50 12
50 19
50 30
50 39
50 47
50 80
50 83
50 88
50 89
50 90
50 94
50 95
50 98
51 3
51 31
51 73
51 98
52 14
52 20
52 51
52 68
52 72
52 74
52 78
52 81
52 87
53 5
53 6
53 31
53 37
53 63
53 64
53 72
53 74
53 84
53 98
54 20
54 33
54 35
54 83
55 11
55 18
55 29
55 37
55 42
55 56
55 62
55 63
55 83
55 93
55 99
56 30
56 44
56 57
56 59
56 81
56 84
56 89
56 90
56 96
56 97
57 6
57 23
57 62
57 97
58 11
58 23
58 26
58 28
58 37
58 41
58 42
58 46
58 57
58 65
58 66
58 79
58 83
58 91
58 97
59 16
59 57
60 6
60 11
60 12
60 39
60 63
60 66
60 70
60 79
60 86
61 2
61 4
61 8
61 12
61 17
61 24
61 35
61 40
61 77
61 84
61 97
62 12
62 30
62 43
62 51
62 55
62 59
62 84
62 99
63 2
63 6
63 7
63 30
63 63
63 66
63 72
63 73
63 83
63 84
64 3
64 16
64 17
64 20
64 33
64 62
64 80
64 94
64 99
65 11
65 33
65 39
65 41
65 59
65 73
65 74
65 81
66 4
66 14
66 26
66 42
66 52
66 55
66 59
66 74
66 77
66 90
67 5
67 17
67 33
67 55
67 88
68 7
68 16
68 32
68 54
68 65
68 69
68 78
68 84
68 94
68 95
69 4
69 21
69 23
69 34
69 61
69 62
69 66
69 70
69 81
70 17
70 19
70 26
70 46
70 64
70 68
70 85
71 26
71 37
71 39
71 47
71 55
71 72
71 81
71 89
72 14
72 15
72 19
72 48
72 49
72 52
72 53
72 62
72 63
72 67
72 68
72 77
73 0
73 1
73 15
73 19
73 28
73 37
73 53
73 56
73 57
73 97
74 2
74 4
74 7
74 10
74 11
74 31
74 32
74 34
74 35
74 40
74 66
74 67
74 68
74 74
74 84
74 97
75 13
75 58
75 83
75 85
75 94
76 15
76 16
76 18
76 42
76 45
76 60
76 70
76 71
76 78
76 97
76 98
77 3
77 5
77 17
77 31
77 35
77 38
77 40
77 60
77 70
77 73
77 74
77 75
77 89
78 6
78 44
78 83
78 95
78 96
78 97
79 10
79 20
79 43
79 50
79 84
79 95
80 15
80 19
80 34
80 42
80 46
80 50
80 94
81 26
81 34
81 43
81 72
81 80
82 1
82 12
82 14
82 23
82 36
82 46
82 50
82 92
83 15
83 23
83 35
83 36
83 40
83 64
83 71
83 72
83 82
83 90
83 93
83 94
84 0
84 4
84 22
84 31
84 57
84 64
85 9
85 36
85 37
85 51
85 53
85 64
85 83
85 89
86 3
86 8
86 14
86 16
86 24
86 34
86 55
86 56
86 80
86 89
86 95
87 17
87 18
87 24
87 27
87 35
87 46
87 69
87 87
88 6
88 10
88 21
88 24
88 37
88 43
88 59
88 71
88 96
89 9
89 15
89 35
89 55
89 79
90 3
90 5
90 10
90 13
90 18
90 23
90 24
90 36
90 39
90 43
90 45
90 57
90 60
90 83
90 88
90 99
91 0
91 3
91 27
91 35
91 37
91 48
91 56
92 14
92 26
92 29
92 31
92 35
92 58
92 64
92 72
92 73
92 96
93 5
93 21
93 33
93 49
94 2
94 3
94 5
94 12
94 15
94 30
94 38
94 44
94 49
94 90
94 97
94 98
95 15
95 20
95 47
95 73
95 88
96 16
96 20
96 58
96 82
96 97
97 24
97 25
97 43
97 49
97 52
97 56
97 72
97 77
97 80
97 93
98 24
98 29
98 53
98 54
98 56
98 76
98 78
98 84
99 18
99 20
99 23
99 57
99 66
99 82
99 87
99 88
